# callgrind format
version: 1
creator: callgrind-3.13.0
pid: 7513
cmd:  ./galsim 10 input_data/ellipse_N_00010.gal 200 1e-5 0.255 0 4
part: 1


desc: I1 cache: 
desc: D1 cache: 
desc: LL cache: 

desc: Timerange: Basic block 0 - 1301531
desc: Trigger: Program termination

positions: line
events: Ir
summary: 8826426


ob=(2) ???
fl=(18) ???
fn=(1106) 0x0000000005455ba0
0 1
cob=(3) /lib/x86_64-linux-gnu/libc-2.27.so
cfi=(191) /build/glibc-OTsEL5/glibc-2.27/stdlib/cxa_finalize.c
cfn=(1020) __cxa_finalize
calls=1 30 
0 80

fn=(1116) 0x0000000005464174
0 3

fn=(292) 0x0000000005455678
0 2
cob=(4) /lib/x86_64-linux-gnu/libpthread-2.27.so
cfi=(79) /build/glibc-OTsEL5/glibc-2.27/nptl/nptl-init.c
cfn=(294) __pthread_initialize_minimal
calls=1 285 
0 4260
0 2

fn=(480) 0x0000000004e7c2c0
0 6
cob=(3)
cfi=(110) /build/glibc-OTsEL5/glibc-2.27/malloc/malloc.c
cfn=(482) malloc
calls=6 3028 
0 69153

fn=(1018) 0x00000000001089a0
0 1
cob=(3)
cfi=(191)
cfn=(1020)
calls=1 30 
0 80

fn=(364) 0x000000000524cd20
0 6

fn=(1032) 0x0000000000109dc4
0 3

fn=(1088) 0x000000000524ce40
0 1
cob=(3)
cfi=(191)
cfn=(1020)
calls=1 30 
0 80

fn=(1098) 0x000000000524dbe0
0 3

fn=(88) 0x0000000004000f00
0 1
cob=(1) /lib/x86_64-linux-gnu/ld-2.27.so
cfi=(19) /build/glibc-OTsEL5/glibc-2.27/elf/dl-minimal.c
cfn=(90) free
calls=1 111 
0 4

fn=(1076) 0x0000000004c518f0
0 3

fn=(758) 0x0000000000108898
0 6

fn=(536) 0x0000000004e7c2c8
0 5
cob=(3)
cfi=(110)
cfn=(538) free
calls=5 3086 
0 510

fn=(1040) 0x0000000004a2a560
0 1
cob=(3)
cfi=(191)
cfn=(1020)
calls=1 30 
0 80

fn=(1050) 0x0000000004a2a7a8
0 3

fn=(1066) 0x0000000004c333c0
0 1
cob=(3)
cfi=(191)
cfn=(1020)
calls=1 30 
0 80

fn=(376) 0x0000000004c32e30
0 6

fn=(736) 0x0000000004a2a520
0 6

ob=(1)
fl=(19)
fn=(46) malloc
50 147
+11 72
+3 36
-3 36
+3 72
-3 2
+3 1
-3 1
+3 142
-15 6
+20 8
+1 4
+2 2
+1 16
cfi=(42) /build/glibc-OTsEL5/glibc-2.27/misc/../sysdeps/unix/sysv/linux/mmap64.c
cfn=(132) mmap
calls=2 -29 
* 70
+2 4
+2 6
+2 2
+3 2
-3 4
+4 2
+2 10
-2 35
-1 35
+3 70
-29 1
-1 1
+1 1
+1 2
-2 4

fn=(80) strsep
265 4
+2 2
+1 4
+4 33
+7 84
-2 56
+13 1
+4 2
-7 14
-15 44

fn=(90)
111 4

fn=(42) calloc
92 14
+8 14
-1 28
-3 14
+4 28
+3 14
cfn=(46)
calls=14 -53 
* 380
* 14

fl=(35) /build/glibc-OTsEL5/glibc-2.27/setjmp/../sysdeps/x86_64/setjmp.S
fn=(110) __sigsetjmp
26 11
+9 11
+1 22
+1 11
+4 11
+1 11
+1 11
+1 11
+1 11
+2 22
+2 11
+1 11
+1 11
+2 22
+2 11
+4 11
+1 11

fl=(9) /build/glibc-OTsEL5/glibc-2.27/elf/dl-tunables.c
fn=(16) __GI___tunables_init
289 8
-9 3
150 4
-82 74
+6 23
-3 23
+3 1361
+4 46
+5 23
297 23
83 23
297 23
fi=(10) /build/glibc-OTsEL5/glibc-2.27/elf/dl-tunables.h
121 46
-1 10
+1 4
-1 8
+1 32
-1 40
fe=(9)
330 92
-12 2530
fi=(10)
120 828
+1 879
-1 66
fe=(9)
312 2047
68 46
364 8

fn=(26) __tunable_get_val
373 150
+4 25
-4 98
+9 8
+1 8
-6 17
+22 125
+2 25

fl=(23) /build/glibc-OTsEL5/glibc-2.27/posix/../sysdeps/unix/syscall-template.S
fn=(64) uname
78 4
+1 1

fl=(25) /build/glibc-OTsEL5/glibc-2.27/elf/dl-hwcaps.c
fn=(68) _dl_important_hwcaps
42 4
+1 1
-1 8
+1 4
-1 1
+1 1
cfi=(9)
cfn=(26)
calls=1 373 
* 18
* 1
+3 3
-3 1
+12 6
+1 3
+1 1
-2 1
+2 1
-2 5
+1 3
+1 1
-2 1
+2 1
-2 5
+10 3
fi=(26) /build/glibc-OTsEL5/glibc-2.27/elf/../sysdeps/unix/sysv/linux/not-errno.h
-37 4
fe=(25)
131 4
-2 1
+17 6
+3 2
329 9
69 3
+77 1
+20 1
-19 1
+36 10
+1 3
-1 2
+1 3
fi=(27) /build/glibc-OTsEL5/glibc-2.27/elf/../sysdeps/x86/dl-hwcap.h
57 6
fe=(25)
186 1
+1 1
cfi=(13) /build/glibc-OTsEL5/glibc-2.27/string/../sysdeps/x86_64/multiarch/../strlen.S
cfn=(28) strlen
calls=1 79 
* 16
+1 1
-1 1
+1 3
-5 1
+5 1
-5 1
+5 2
-5 5
+8 3
+2 1
+1 6
+4 1
+4 1
-3 1
-1 1
+4 2
+3 4
+4 3
+1 1
-1 5
+1 3
+2 3
+2 2
-1 1
+1 1
-1 1
+2 2
+7 2
+6 11
+1 4
cfi=(19)
cfn=(46)
calls=1 50 
* 18
* 1
+1 1
-1 1
+1 3
+29 13
+3 4
+7 1
+10 12
-4 2
-3 1
+3 1
cfi=(20) /build/glibc-OTsEL5/glibc-2.27/string/../sysdeps/x86_64/multiarch/memmove-vec-unaligned-erms.S
cfn=(74) mempcpy
calls=1 116 
* 16
* 2
-3 1
+3 1
cfi=(20)
cfn=(74)
calls=1 116 
* 16
* 6
+3 7
+1 12
+1 4
cfi=(20)
cfn=(74)
calls=1 116 
* 14
-2 1
+2 2
-2 1
+5 6
cfi=(20)
cfn=(74)
calls=2 116 
* 28
+2 2
-2 4
+2 5
-7 3
+12 1
+1 2
-1 9
+1 14
-1 18
+5 10
+4 3
-4 12
+4 33
+1 12
-1 12
+1 24
-2 12
+1 24
-1 39
+4 6
+5 1
-2 1
+2 1
-1 1
-1 2
+2 1
-1 1
+1 4
+2 6
+1 2
+3 2
-6 5
+13 8
+1 1
-1 2
+3 2
-3 3
+1 3
-1 6
+3 6
+3 3
+2 2
-15 2
-6 3
-42 2

fl=(12) /build/glibc-OTsEL5/glibc-2.27/elf/../sysdeps/unix/sysv/linux/x86_64/brk.c
fn=(22) brk
31 7
+8 1
-6 2
+7 1

fl=(2) /build/glibc-OTsEL5/glibc-2.27/elf/rtld.c
fn=(98) handle_ld_preload
837 8
+1 1
-1 1
-75 1
+86 1
-86 4
+80 2
+3 3
cfi=(33) /build/glibc-OTsEL5/glibc-2.27/string/../sysdeps/x86_64/strcspn.S
cfn=(100) strcspn
calls=1 30 
* 218
* 1
+1 3
+9 1
121 1
857 2
121 2
859 2
-97 5
-10 1
+4 1
+1 1
+1 1
+2 1
+2 1
cfi=(34) /build/glibc-OTsEL5/glibc-2.27/elf/dl-error-skeleton.c
cfn=(104) _dl_catch_error
calls=1 213 
* 2333
* 1
+1 3
+8 4
+71 2
+21 9
-15 4
cfi=(20)
cfn=(48) memcpy
calls=1 129 
* 18
+1 2

fn=(168) version_check_doit
621 2
+2 4
cfi=(53) /build/glibc-OTsEL5/glibc-2.27/elf/dl-version.c
cfn=(170) _dl_check_all_versions
calls=1 362 
* 12983
* 2
+4 2

fn=(54) rtld_lock_default_unlock_recursive
790 6
+1 6

fn=(52) rtld_lock_default_lock_recursive
784 6
+1 6

fn=(2) _dl_start
444 9
+19 4
fi=(3) /build/glibc-OTsEL5/glibc-2.27/elf/get-dynamic-info.h
48 1
fe=(2)
463 1
fi=(5) /build/glibc-OTsEL5/glibc-2.27/elf/../sysdeps/x86_64/dl-machine.h
59 3
fi=(3)
-11 1
fe=(2)
489 1
-3 1
fi=(3)
48 1
+25 2
-3 1
-7 1
+5 1
+3 1
+2 1
-6 1
+3 1
-3 2
-3 16
+10 4
-26 12
+16 13
+10 13
-26 39
+26 1
-26 3
+2 36
+13 20
+2 4
+16 2
+20 4
+1 4
+1 4
+1 4
+2 4
+5 4
+1 4
+1 4
+6 3
+5 2
+7 3
+1 3
+8 3
+3 3
+4 2
+1 2
fe=(2)
500 2
393 1
507 1
393 1
cfi=(6) /build/glibc-OTsEL5/glibc-2.27/elf/dl-lookup.c
cfn=(10) _dl_setup_hash
calls=1 939 
* 23
+1 2
+1 2
+1 2
+1 2
+8 1
+9 1
-9 3
+9 1
-6 1
-3 1
+9 1
cfi=(7) /build/glibc-OTsEL5/glibc-2.27/elf/../elf/dl-sysdep.c
cfn=(12) _dl_sysdep_start
calls=1 88 
* 182521
* 1
+9 4
+3 1
+4 1
-4 1
+4 1
532 9
-27 27
fi=(4) /build/glibc-OTsEL5/glibc-2.27/elf/do-rel.h
84 1
+27 1
-28 1
+28 2
+1 2
fi=(5)
540 2
fi=(4)
112 76
fi=(5)
540 76
+1 39
fi=(4)
111 39
fi=(5)
541 39
fi=(4)
111 39
fi=(5)
541 39
fi=(4)
111 39
+5 2
+8 1
fi=(5)
335 1
+87 1
fi=(4)
124 2
+12 1
+3 1
-3 1
+3 1
-3 1
fi=(5)
301 1
fi=(4)
137 1
fi=(5)
301 1
fi=(4)
137 1
fi=(5)
301 1
fi=(4)
136 8
+3 8
-3 8
+3 8
-3 8
fi=(5)
301 8
fi=(4)
137 8
fi=(5)
301 8
fi=(4)
137 8
fi=(5)
301 8
+9 27
+3 9
-3 18
+3 27
+22 54
fi=(3)
68 4
fi=(4)
+56 28
fi=(5)
354 27
fi=(3)
71 4
+1 1
+1 2
fe=(2)

fn=(32) dl_main
870 1
+17 1
-17 10
+17 1
+4 1
-21 1
2471 1
891 1
+1 1
2466 1
892 1
+5 1
2471 1
897 1
2464 2
+7 3
-4 1
+4 3
+2 2
cfi=(15) /build/glibc-OTsEL5/glibc-2.27/elf/dl-environ.c
cfn=(34) _dl_next_ld_env_entry
calls=1 29 
* 34
* 4
cfi=(15)
cfn=(34)
calls=2 29 
* 136
* 9
+4 6
-2 2
+2 42
+1 19
-1 57
+3 4
+6 14
+76 3
+1 4
cfi=(16) /build/glibc-OTsEL5/glibc-2.27/string/../sysdeps/x86_64/memcmp.S
cfn=(36) bcmp
calls=1 24 
* 31
* 2
-56 2
+7 4
cfi=(16)
cfn=(36)
calls=1 24 
* 36
* 2
+2 3
2635 3
+32 3
907 3
1108 7
cfi=(17) /build/glibc-OTsEL5/glibc-2.27/elf/dl-object.c
cfn=(38) _dl_new_object
calls=1 59 
* 230
+2 1
-2 1
+2 1
+1 1
+1 1
+5 2
-5 1
+1 2
+4 1
cfi=(17)
cfn=(50) _dl_add_to_namespace_list
calls=1 31 
* 33
+1 2
879 1
1147 1
-3 1
-5 1
+1 1
+2 1
+5 5
+56 2
876 1
1166 1
+22 1
+15 2
-55 24
-1 27
+1 47
1250 3
+3 2
+2 2
+2 3
+13 3
+3 2
-2 1
+2 1
-2 3
cfi=(21) /build/glibc-OTsEL5/glibc-2.27/string/../sysdeps/x86_64/strcmp.S
cfn=(56) strcmp
calls=1 144 
* 50
* 2
+7 1
+3 1
-5 1
+3 1
-3 1
+5 1
+1 2
+4 2
+2 2
fi=(3)
33 1
+9 2
+6 1
-2 1
+2 2
+15 1
+5 1
+3 1
+2 1
-3 1
-3 1
-3 1
-14 54
+13 24
+1 20
+10 5
-26 15
+16 21
+10 21
-26 63
+26 1
-26 3
+33 3
+20 3
+1 4
+1 4
+1 4
+2 4
+5 4
+1 4
+1 4
+6 3
+5 2
+7 2
+1 3
+18 3
+5 1
+2 1
-2 1
+2 1
+2 2
+2 2
+1 1
+2 3
+10 1
-8 3
+8 1
+5 2
+1 2
+2 2
fe=(2)
1293 2
cfi=(6)
cfn=(10)
calls=1 939 
* 23
+3 2
fi=(22) /build/glibc-OTsEL5/glibc-2.27/elf/setup-vdso.h
24 2
fe=(2)
1318 1
cfi=(11) /build/glibc-OTsEL5/glibc-2.27/elf/../sysdeps/unix/sysv/linux/dl-sysdep.c
cfn=(62) _dl_discover_osversion
calls=1 45 
* 79
* 9
-6 5
1167 2
+9 1
-7 1
-3 1
+10 1
+18 2
-37 3
+1 1
-6 3
+1 1
fi=(3)
65 4
+3 4
fe=(2)
1203 2
-1 2
+1 4
-1 2
+2 4
+1 1
+3 2
+1 2
-1 2
+1 2
+1 2
+1 6
+1 2
+31 2
+1 2
+1 1
-6 2
+1 1
fi=(3)
71 4
+1 1
+1 3
fe=(2)
1323 2
cfi=(24) /build/glibc-OTsEL5/glibc-2.27/elf/dl-load.c
cfn=(66) _dl_init_paths
calls=1 623 
* 1740
+3 3
cfi=(31) /build/glibc-OTsEL5/glibc-2.27/elf/dl-debug.c
cfn=(92) _dl_debug_initialize
calls=1 49 
* 17
+7 1
-7 1
+2 1
+5 1
+3 3
+1 1
+3 1
-3 3
+1 2
+3 1
+5 1
-7 1
+7 1
+1 5
+17 2
+1 2
+5 1
-3 3
+2 1
+1 2
+5 2
+1 5
-1 2
+3 2
+1 2
+5 2
+6 4
+1 1
-2 1
885 1
1391 1
1570 1
cfi=(32) /build/glibc-OTsEL5/glibc-2.27/elf/../elf/dl-tls.c
cfn=(94) _dl_count_modids
calls=1 113 
* 4
* 1
+8 3
+3 2
+4 3
+5 2
+1 1
cfi=(31)
cfn=(96) _dl_debug_state
calls=1 74 
* 1
+1 1
+4 2
+15 3
+4 1
-2 1
+2 2
+2 3
+1 1
-1 2
+1 1
cfn=(98)
calls=1 837 
* 2638
* 1
+1 4
+2 2
+10 3
cfi=(47) /build/glibc-OTsEL5/glibc-2.27/io/../sysdeps/unix/sysv/linux/access.c
cfn=(144) access
calls=1 27 
* 8
* 2
+77 1
-96 1
+96 3
+17 3
+1 1
-1 1
+1 2
-1 1
+1 5
cfi=(48) /build/glibc-OTsEL5/glibc-2.27/elf/dl-deps.c
cfn=(146) _dl_map_object_deps
calls=1 159 
* 25364
+1 4
+5 1
-3 2
+3 2
+1 7
-1 2
+1 18
-1 12
+4 3
+1 3
+1 1
+2 2
+1 5
-1 7
+1 15
-1 15
+47 2
+2 2
-1 1
-1 2
+2 4
cfi=(34)
cfn=(166) _dl_receive_error
calls=1 226 
* 13008
+10 1
+1 1
-1 1
+1 1
+1 1
cfn=(174) init_tls
calls=1 687 
* 660
* 1
+2 2
799 1
fi=(196) /build/glibc-OTsEL5/glibc-2.27/elf/../sysdeps/unix/sysv/linux/dl-osinfo.h
64 2
fe=(2)
801 1
fi=(196)
77 1
fe=(2)
810 1
+7 1
-5 1
1808 2
2038 3
2161 3
+7 1
+2 3
+1 1
-1 2
+2 16
+2 7
-2 14
+2 7
+5 14
+2 14
+6 7
+2 14
+1 48
cfi=(54) /build/glibc-OTsEL5/glibc-2.27/elf/dl-reloc.c
cfn=(180) _dl_relocate_object
calls=6 148 
* 121071
+4 18
+1 4
cfi=(32)
cfn=(278) _dl_add_to_slotinfo
calls=2 887 
* 40
* 2
-12 1
+1 1
-3 2
+29 4
+2 1
+7 3
cfi=(32)
cfn=(280) _dl_allocate_tls_init
calls=1 437 
* 244
+3 2
-25 4
+2 2
+6 1
-6 1
+6 1
+26 3
+2 4
+15 1
+2 1
-2 2
+3 1
-3 1
+3 1
-3 1
+3 3
cfi=(54)
cfn=(180)
calls=1 148 
* 6755
+1 4
+2 2
+8 1
cfi=(7)
cfn=(282) _dl_sysdep_start_cleanup
calls=1 260 
* 1
+4 2
+20 3
cfi=(31)
cfn=(92)
calls=1 49 
* 8
+1 1
-1 1
+2 1
cfi=(31)
cfn=(96)
calls=1 74 
* 1
+1 1
+4 1
cfi=(50) /build/glibc-OTsEL5/glibc-2.27/elf/dl-cache.c
cfn=(284) _dl_unload_cache
calls=1 326 
* 15
+5 8
2094 1
+13 1
-9 1
-4 1
+10 1
-6 1
+6 1
+3 1
1753 1
+1 1
-1 2
+1 1
+2 1
+2 3
+2 1
-4 1
+4 2
+14 4
+1 2
+1 3
-64 5
+1 1
-1 3
+4 3
+1 1
+1 2
+1 2
+32 2
2565 3

fn=(174)
687 1
-6 1
+2 2
+4 1
+10 4
cfi=(19)
cfn=(42)
calls=1 92 
* 89
* 1
+11 1
-15 1
+3 1
+6 1
+2 1
-11 1
+15 1
+2 1
-1 1
+1 24
+2 14
+4 2
+2 2
-2 2
-5 14
+9 2
+3 1
cfi=(32)
cfn=(176) _dl_determine_tlsoffset
calls=1 141 
* 98
+7 1
cfi=(32)
cfn=(178) _dl_allocate_tls_storage
calls=1 332 
* 375
+1 1
-1 1
+1 1
+6 1
+3 1
-3 1
+3 6
+3 1
+2 1
+1 3

fn=(112) map_doit
588 1
+2 1
-2 1
+3 2
-1 3
+1 3
cfi=(24)
cfn=(114) _dl_map_object
calls=1 2080 
* 2245
* 1
+2 2

fl=(34)
fn=(108) _dl_catch_exception
175 22
+15 11
-3 22
+4 11
-3 11
-13 11
+19 11
-3 11
+3 11
-19 11
+13 11
+2 11
+4 11
cfi=(35)
cfn=(110)
calls=11 26 
* 220
* 33
+2 33
cfi=(48)
cfn=(148) openaux
calls=10 60 
* 21292
cfi=(2)
cfn=(112)
calls=1 588 
* 2259
+2 11
-1 11
+1 22
-1 11
+1 11
+9 44

fn=(166)
226 3
+1 1
+1 1
+3 1
+1 1
+2 2
cfi=(2)
cfn=(168)
calls=1 621 
* 12993
+2 1
+1 1
+1 4

fn=(104)
213 6
+2 2
-2 1
+2 2
cfn=(108)
calls=1 -40 
* 2310
* 1
+1 2
+1 1
+1 1
-1 1
+1 1
+2 5

fl=(115) /build/glibc-OTsEL5/glibc-2.27/elf/dl-open.c
fn=(498) _dl_find_dso_for_object
176 5
+4 6
+1 4
+1 16
+1 2
-2 9
+5 2
+4 7

fl=(29) /build/glibc-OTsEL5/glibc-2.27/string/../sysdeps/x86_64/multiarch/../strchr.S
fn=(84) index
24 17
+1 17
+1 17
+1 17
+1 17
+1 17
+1 17
+1 17
+1 15
+1 15
+1 15
+1 15
+1 15
+1 15
+1 15
+1 15
+1 15
+1 12
+4 12
+1 12
+1 12
+1 12
+2 12
+4 3
+1 3
+1 3
+1 3
+1 3
+1 3
+1 3
+1 3
+1 3
+1 3
+1 3
+1 3
+1 3
+1 3
+1 3
+1 3
+1 3
+1 3
+1 3
+1 3
+1 3
+1 3
+1 3
+1 4
+5 1
+1 1
+3 1
+1 1
+1 1
+1 1
+1 1
+1 1
+1 1
+1 1
+1 1
+1 1
+1 1
+1 1
+1 1
+1 1
+1 1
+1 1
+1 1
+1 1
+2 1
+1 1
+2 1
+1 1
+1 1
+1 1
+1 1
+1 1
+1 1
+1 1
+2 1
+1 1
+1 1
+1 1
+1 1
+1 1
+1 1
+1 1
+1 1
+1 1
+3 1
+4 1
+1 1
+1 1
+1 1
+2 1
-9 4
+4 4
+1 4
+1 4
+1 4
+2 4
+4 2
+1 2
+1 2
+1 2
+1 2
+1 2
+1 2
+1 2
+1 2
+1 2
+1 2
+1 2
+1 2
+1 2
+1 2
+1 2
+1 2
+1 2
+1 2
+1 2
+1 2
+1 2
+1 2
+1 2
+1 2
+1 2
+1 2
+1 2
+1 2
+1 2
+1 2
+1 2
+1 2
+1 2
+1 2
+1 2
+1 2
+1 2
+1 1

fl=(13)
fn=(28)
79 29
+1 29
+1 29
+1 29
+1 29
+1 29
+1 29
+2 29
+2 29
+31 27
+1 27
+1 27
+1 27
+1 27
+1 14
+2 14
+4 13
+1 13
+1 13
+1 13
+1 13
+1 13
+1 13
+1 13
+1 13
+1 13
+1 13
+1 13
+5 104
+4 2
+1 28
+1 12
+15 2
+1 2
+1 4
+51 2
+1 2
+1 2
+1 2
+1 2
+1 2
+1 2
+1 2
+16 2
+2 2
+1 28
+2 2
+1 2
+1 2
+2 2

fl=(14) /build/glibc-OTsEL5/glibc-2.27/elf/../misc/sbrk.c
fn=(30) sbrk
32 4
+8 6
+4 2
+16 5

fl=(36) /build/glibc-OTsEL5/glibc-2.27/elf/dl-misc.c
fn=(156) _dl_sysdep_read_whole_file
44 2
+3 1
-3 3
+3 1
-3 3
+3 1
cfi=(37) /build/glibc-OTsEL5/glibc-2.27/io/../sysdeps/unix/sysv/linux/wordsize-64/lxstat.c
cfn=(120) open
calls=1 -8 
* 16
+1 2
+2 5
cfi=(41) /build/glibc-OTsEL5/glibc-2.27/io/../sysdeps/unix/sysv/linux/wordsize-64/fxstat.c
cfn=(130) _fxstat
calls=1 -16 
* 10
* 2
+2 1
+3 1
-3 1
+3 1
+13 2
cfi=(46) /build/glibc-OTsEL5/glibc-2.27/io/../sysdeps/unix/sysv/linux/close.c
cfn=(142) close
calls=1 -41 
* 5
+3 7
-14 6
cfi=(42)
cfn=(132)
calls=1 -13 
* 35
* 2

fn=(116) _dl_name_match_p
282 1515
+1 606
cfi=(21)
cfn=(56)
calls=303 144 
* 9106
* 303
+1 303
-1 303
+3 303
+2 606
+6 287
+1 1435
-3 301
-4 602
+1 951
cfi=(21)
cfn=(56)
calls=317 144 
* 10245
* 634
+6 16
-11 16
+11 64

fl=(52) /build/glibc-OTsEL5/glibc-2.27/elf/dl-sort-maps.c
fn=(164) _dl_sort_maps
28 16
+2 2
-2 2
+2 2
+92 10
-88 10
+1 4
-1 2
-1 2
+1 8
+1 2
cfi=(28) /build/glibc-OTsEL5/glibc-2.27/string/../sysdeps/x86_64/multiarch/memset-vec-unaligned-erms.S
cfn=(76) memset
calls=2 +74 
* 26
* 32
+4 4
+3 2
-3 4
+1 6
+2 2
-7 12
+4 24
+3 12
-3 24
+1 36
+2 12
+12 100
+2 36
+1 24
-1 66
+1 66
+2 234
+1 174
+6 4
-1 2
+1 2
-1 16
cfi=(20)
cfn=(48)
calls=2 +64 
* 20
+2 2
+2 14
+5 2
+3 12
+41 60
cfi=(28)
cfn=(76)
calls=10 -9 
* 146
* 40
-28 128
-36 64
+61 64
-31 14
cfi=(20)
cfn=(48)
calls=2 +45 
* 24
+1 6
+2 2
-2 2
+2 2
+3 48
-44 28
+69 2
+7 16

fl=(8) /build/glibc-OTsEL5/glibc-2.27/elf/../sysdeps/x86/cpu-features.c
fn=(24) get_common_indeces.constprop.1
34 2
+4 4
+3 3
+4 1
-4 1
+4 1
-4 1
+3 1
+1 2
+1 4
+1 4
+1 3
+1 2
+7 2
+1 7
+7 3
+4 2
+2 4
+40 2
+4 4
+1 2
+3 1
+7 1
-8 1
+4 1
+2 1
-2 1
+4 2
+3 2
+50 3
74 2
+3 3
+3 1
-3 1
+3 1
+2 3
+2 2
+7 3
-5 3

fl=(24)
fn=(114)
2080 77
+8 11
-8 22
+8 11
+1 44
+3 193
+5 287
+2 123
cfi=(36)
cfn=(116)
calls=41 282 
* 4721
* 82
+4 70
+1 105
+3 17
+1 17
+1 17
-1 17
+1 17
cfi=(21)
cfn=(56)
calls=17 144 
* 679
* 34
2391 99
2125 15
+10 15
-53 5
+89 10
-2 5
+2 5
cfi=(29)
cfn=(84)
calls=5 24 
* 144
* 10
2322 5
cfn=(82) expand_dynamic_string_token
calls=1 320 
* 229
* 1
-2 1
+3 5
+4 9
cfn=(118) open_verify.constprop.7
calls=1 1598 
* 208
+3 2
-3 1
+3 3
+12 3
+46 1
+1 3
-1 1
+1 9
cfn=(126) _dl_map_object_from_fd
calls=1 808 
* 1375
-1 4
+1 12
-1 4
+1 36
cfn=(126)
calls=4 808 
* 6421
* 15
2171 4
+4 8
cfi=(13)
cfn=(28)
calls=4 79 
* 64
* 4
+2 4
-2 4
+2 4
+7 16
+36 48
cfn=(150) open_path
calls=4 1932 
* 2136
+6 8
-6 4
+6 12
601 12
+3 1
2227 1
604 1
2314 8
+28 16
+2 8
610 1
2249 1
-14 1
+14 4
-14 3
+14 3
+2 12
+4 8
cfi=(50)
cfn=(154) _dl_load_cache_lookup
calls=4 187 
* 4630
+2 4
-2 4
+2 4
+4 8
+8 12
+23 40
cfn=(118)
calls=4 1598 
* 858
+4 8
-4 4
+4 12
+1 8
-88 28
601 12
2219 8
+1 8
-32 4
+1 8
-1 12
+8 28
-3 18
601 18
+3 1
2194 1
604 1
+3 3
+3 14
2208 12
607 3

fn=(118)
1598 176
+39 16
-39 48
+39 62
+31 64
cfi=(37)
cfn=(120)
calls=16 39 
* 289
+2 16
-2 16
+2 21
+10 5
+1 10
+5 30
cfi=(39) /build/glibc-OTsEL5/glibc-2.27/io/../sysdeps/unix/sysv/linux/read.c
cfn=(124) read
calls=5 27 
* 25
+2 10
+2 5
+2 5
-2 5
+2 5
+6 10
+16 80
+74 10
+5 10
+2 20
+6 10
+11 10
+6 5
+1 5
+1 5
-2 15
+1 15
+21 193
+2 92
+13 15
+3 20
+1 5
+12 30
-3 48
+15 6
+3 3
+1 9
+1 3
-1 3
-1 3
+3 9
+1 9
1650 11
1918 144
1714 2
1871 30
+3 5
-4 5
+4 10
+5 3
+1 6
-55 4

fn=(126)
808 55
+10 5
-10 5
+10 5
-10 15
+10 5
cfi=(31)
cfn=(92)
calls=5 49 
* 40
fi=(40) /build/glibc-OTsEL5/glibc-2.27/elf/../sysdeps/posix/dl-fileid.h
37 15
fe=(24)
818 5
fi=(40)
37 5
cfi=(41)
cfn=(130)
calls=5 -3 
* 50
* 10
+4 5
fe=(24)
834 5
fi=(40)
40 5
+1 5
fe=(24)
834 90
+1 40
fi=(40)
49 70
fe=(24)
1346 45
852 10
+24 20
+10 10
+22 20
+32 10
819 5
943 35
cfi=(17)
cfn=(38)
calls=5 59 
* 1734
+1 5
-1 5
+1 5
+11 10
+5 5
-5 5
+1 5
+5 5
-5 5
+1 5
+2 5
-2 5
+2 10
+1 15
+20 5
-2 5
+10 5
-8 30
+8 5
-8 15
+8 5
+97 5
982 5
-6 5
1085 5
981 5
-5 10
1085 15
-96 77
-1 246
+1 230
+6 10
+5 10
+1 20
+11 50
+5 80
+9 30
-1 30
+1 10
+1 20
+2 10
-2 10
+1 10
-1 10
+3 10
+4 10
-7 10
+3 10
-1 10
+5 10
+1 20
+5 10
-1 5
-14 5
+14 5
+1 30
+10 5
-10 10
-1 5
-14 5
+14 5
+1 30
+10 5
-44 4
+1 2
+46 6
+4 2
+1 2
+2 2
-1 2
-1 4
+1 2
+3 6
+1 2
+3 2
-3 2
+7 8
+6 2
cfi=(32)
cfn=(162) _dl_next_tls_modid
calls=2 51 
* 12
* 4
+1 2
+19 10
+1 10
+1 5
-6 10
+1 5
+8 20
956 5
1110 5
956 5
1110 5
+10 15
fi=(43) /build/glibc-OTsEL5/glibc-2.27/elf/./dl-map-segments.h
50 5
+6 5
fe=(24)
1120 20
fi=(43)
56 15
fe=(24)
1120 5
fi=(43)
50 5
fe=(24)
1120 10
fi=(43)
56 10
cfi=(42)
cfn=(132)
calls=5 -12 
* 185
+4 5
-4 5
+4 10
+3 10
+1 5
+2 5
-2 5
-1 5
+3 5
+14 10
fi=(45) /build/glibc-OTsEL5/glibc-2.27/elf/./dl-load.h
+10 20
+1 15
+2 20
fi=(43)
+11 40
+45 10
-59 50
+2 30
+2 40
cfi=(42)
cfn=(132)
calls=5 -50 
* 165
* 10
+16 5
+2 5
-2 5
+1 5
+2 5
-1 5
+1 5
-1 15
+8 10
+3 10
+8 35
cfi=(28)
cfn=(76)
calls=5 -22 
* 733
* 10
+6 10
+4 16
cfi=(42)
cfn=(132)
calls=2 -97 
* 66
+3 4
-71 50
cfi=(44) /build/glibc-OTsEL5/glibc-2.27/misc/../sysdeps/unix/syscall-template.S
cfn=(136) mprotect
calls=5 +5 
* 25
* 10
fi=(45)
+21 15
+2 3
-1 9
+1 3
-1 3
+1 6
-1 6
+3 12
fe=(24)
1132 20
+9 10
fi=(3)
42 5
fe=(24)
1141 5
fi=(3)
42 5
+6 5
-2 5
+2 10
+15 5
+5 5
+3 5
-1 5
-3 5
-3 118
+10 27
-26 81
+16 100
+10 100
-26 300
+26 5
-26 15
+2 264
+13 128
+2 20
+16 10
+20 18
+1 20
+1 20
+1 20
+2 20
+5 20
+1 19
+1 20
+6 15
+5 10
+7 10
+1 15
+18 15
+5 3
+2 3
-2 3
+2 3
+2 6
+2 6
+3 15
+10 2
-8 8
+8 2
+5 4
+3 10
fe=(24)
1148 10
+15 15
+19 10
+2 25
+54 15
+1 4
+3 4
cfi=(46)
cfn=(142)
calls=2 27 
* 10
* 6
cfi=(46)
cfn=(142)
calls=3 27 
* 15
* 10
+9 10
+2 15
+2 5
-2 5
+2 5
+16 10
cfi=(6)
cfn=(10)
calls=5 939 
* 115
+4 10
+1 10
+17 10
+1 2
+8 2
-5 6
+5 5
-5 9
+5 3
+10 10
+10 15
cfi=(17)
cfn=(50)
calls=5 31 
* 235
+4 15
fi=(3)
68 20
+3 20
+1 5
+1 20
fe=(24)
369 6

fn=(66)
623 1
+13 2
-13 8
+13 3
cfi=(25)
cfn=(68)
calls=1 42 
* 711
+5 1
-5 1
+5 1
cfi=(19)
cfn=(46)
calls=1 50 
* 18
* 1
+1 1
-2 1
+2 2
+8 1
-1 1
+1 4
-1 3
+4 4
cfi=(19)
cfn=(46)
calls=1 50 
* 18
* 1
+2 1
-2 2
+2 1
+7 1
+10 1
-11 1
+12 1
+3 1
+1 1
-5 1
+3 1
+1 1
-1 1
+9 1
-20 1
+17 1
+3 1
-3 17
cfi=(28)
cfn=(76)
calls=4 109 
* 48
+3 27
-12 3
-2 3
+10 3
-7 3
-1 3
+4 3
-1 3
+1 3
+1 3
+3 3
+1 3
-4 3
+4 3
+14 1
-11 1
+6 1
+1 1
+5 2
+2 4
+2 3
+38 5
-19 1
-2 2
+2 2
+21 3
cfi=(13)
cfn=(28)
calls=1 79 
* 16
* 8
cfi=(20)
cfn=(48)
calls=1 129 
* 10
* 1
+5 4
-1 2
+2 56
-1 57
+5 1
cfi=(19)
cfn=(46)
calls=1 50 
* 18
* 1
+1 1
-2 1
+2 1
+6 7
cfn=(78) fillin_rpath
calls=1 389 
* 584
+3 3
+6 1
+4 8
-37 2

fn=(78)
389 7
+2 1
-2 9
+4 3
cfi=(19)
cfn=(80)
calls=1 265 
* 238
* 3
cfi=(19)
cfn=(80)
calls=1 265 
* 6
* 6
+7 2
+2 3
cfn=(82)
calls=1 -82 
* 104
+4 1
-4 1
+4 1
+5 2
cfi=(13)
cfn=(28)
calls=1 79 
* 16
+1 2
+7 6
+9 17
+1 8
+57 2
cob=(2)
cfi=(18)
cfn=(88)
calls=1 0 
* 5
* 1
-39 2
+4 7
-1 1
cfi=(19)
cfn=(46)
calls=1 50 
* 18
* 1
+3 3
+5 1
+1 2
-2 2
+2 1
cfi=(20)
cfn=(74)
calls=1 116 
* 12
+3 1
-2 1
-1 1
+1 1
+2 1
+6 4
+1 17
+1 1
-1 3
+1 1
-1 14
+1 8
-1 1
+1 1
-1 3
+1 1
-1 2
+4 1
-1 1
+1 1
-1 1
+1 1
+8 1
-1 1
+4 3
-37 2
-28 1
+5 4
+66 1
+3 9
-15 2

fn=(82)
320 12
+10 4
-10 2
+10 2
cfi=(29)
cfn=(84)
calls=2 24 
* 117
* 4
+15 2
-11 2
+11 8
-11 2
cfi=(30) /build/glibc-OTsEL5/glibc-2.27/string/strdup.c
cfn=(86) strdup
calls=2 40 
* 178

fn=(150)
1932 32
+1 4
+6 4
-6 4
+6 4
+5 44
-7 4
-1 4
+8 28
+3 12
+9 16
+7 12
+1 4
-13 12
+12 4
cfi=(20)
cfn=(74)
calls=4 116 
* 48
* 4
+55 8
-22 24
-32 8
+32 33
-32 22
+3 64
+4 66
cfi=(20)
cfn=(74)
calls=11 116 
* 140
* 44
cfi=(20)
cfn=(74)
calls=11 116 
* 132
+3 22
+3 33
+3 99
cfn=(118)
calls=11 1598 
* 605
* 11
+2 55
+2 16
+89 36
-45 42
-64 42
+85 28
+7 4
-2 4
+2 12
+3 12
-13 8
-38 12
+2 6
-46 6
+25 16
+1 64
+6 16
+2 16
-2 16
+2 16
cfi=(49) /build/glibc-OTsEL5/glibc-2.27/io/../sysdeps/unix/sysv/linux/wordsize-64/xstat.c
cfn=(152) _xstat
calls=8 34 
* 101
* 8
+3 8
-3 8
+1 1
+2 1
-2 1
+2 7
-37 2
+37 7
-37 14

fl=(83) /build/glibc-OTsEL5/glibc-2.27/elf/../elf/dl-runtime.c
fn=(308) _dl_fixup
66 40
+6 40
-6 20
+3 40
+3 60
-4 20
+5 20
+2 20
-2 100
+2 20
-2 20
+2 20
+5 40
+4 40
+4 20
+7 20
-7 40
+4 40
+1 80
+2 80
+7 40
-1 20
+1 20
+10 180
cfi=(6)
cfn=(188) _dl_lookup_symbol_x
calls=20 790 
* 22173
* 20
+4 100
+10 140
+16 20
-8 20
+8 60
+4 60
fi=(5)
+96 20
fe=(83)
-92 60
fi=(129) /build/glibc-OTsEL5/glibc-2.27/elf/../sysdeps/x86_64/dl-irel.h
32 2
cob=(3)
cfi=(131) /build/glibc-OTsEL5/glibc-2.27/posix/../sysdeps/x86_64/multiarch/sched_cpucount.c
cfn=(588) __sched_cpucount
calls=1 +3 
* 6
cob=(3)
cfi=(69) /build/glibc-OTsEL5/glibc-2.27/string/../sysdeps/x86_64/multiarch/ifunc-memset.h
cfn=(226) memset
calls=1 +10 
* 18
* 2
fe=(83)

fl=(41)
fn=(130)
34 6
-1 6
+1 6
+1 36
+4 6

fl=(6)
fn=(10)
939 21
+4 7
+4 14
+2 7
-1 7
+3 21
+1 7
+1 7
+3 7
-3 7
+7 7
-4 7
-1 7
+3 7
+2 7
-7 7
+7 7
+1 7

fn=(190) do_lookup_x
338 1050
+1 150
-1 900
+6 300
+12 150
+30 150
-41 150
+41 150
+35 300
-65 750
+14 2106
+8 1404
+1 2106
+3 702
+1 1404
+4 1404
+3 1404
-5 702
+5 2106
+3 4914
-99 568
540 3734
+1 633
cfi=(36)
cfn=(116)
calls=211 282 
* 17915
* 844
+3 1704
349 1404
+3 1404
+4 1404
+4 1404
+4 1404
fi=(55) /build/glibc-OTsEL5/glibc-2.27/elf/../sysdeps/generic/ldsodefs.h
102 402
fe=(6)
503 268
+3 996
-60 22
+64 57
+12 804
+2 134
+24 1200
-1 32
397 453
-1 302
+2 302
+2 145
90 435
375 145
90 145
374 145
90 145
400 290
90 290
413 477
-10 1465
+2 536
+2 268
-1 402
78 938
+12 670
+3 613
cfi=(21)
cfn=(56)
calls=69 +51 
* 3356
* 207
+5 134
-1 134
+1 134
+2 258
+19 129
+1 1161
452 1340
148 10
+2 25
+30 77
-59 645
cfi=(21)
cfn=(56)
calls=129 +23 
* 6458
* 645

fn=(188)
790 1500
555 150
790 600
555 450
-1 300
+2 150
-1 150
+1 450
-1 450
+1 1993
-1 1993
+1 5979
-1 6129
793 150
-1 150
+4 150
+4 150
-8 150
+1 150
+7 558
+5 450
+6 450
-7 1650
+15 64
-8 96
+2 1950
cfn=(190)
calls=150 338 
* 81514
+3 718
+25 300
+24 938
+31 134
+9 536
+14 402
+3 536
+5 134
+2 1382
-86 96
+17 16
+1 32
+59 2

fl=(37)
fn=(120)
39 17
fi=(38) /build/glibc-OTsEL5/glibc-2.27/io/../sysdeps/unix/sysv/linux/open64.c
-3 17
+3 102
+8 119
+2 6
-2 33
+2 11
fe=(37)

fl=(17)
fn=(38)
59 72
+1 6
-1 6
+1 12
cfi=(13)
cfn=(28)
calls=6 +19 
* 142
+6 6
-6 12
+6 6
+7 6
-7 6
-6 6
+6 18
+2 12
+5 18
cfi=(19)
cfn=(42)
calls=6 +19 
* 228
* 6
+3 6
-3 6
+3 6
+4 6
+5 6
-6 6
+6 6
-5 6
+5 6
-5 6
+4 6
+1 12
-1 6
+1 6
cfi=(20)
cfn=(48)
calls=6 +44 
* 71
+10 6
-10 6
+10 6
-10 6
+10 6
-8 6
+8 12
+1 6
-1 6
+1 18
+3 6
-3 6
+3 6
+9 6
-7 6
+4 6
+3 11
+2 2
-2 2
+2 30
-2 30
+18 12
-6 6
+1 6
+5 6
-6 6
+6 18
+2 5
+3 5
-3 10
+3 7
+4 21
+4 11
+8 1
+3 1
+3 2
-3 1
+3 1
-3 5
+3 10
-3 5
+3 5
+2 5
+21 5
-21 5
cfi=(13)
cfn=(28)
calls=5 -76 
* 170
+4 5
-4 10
+17 5
-13 15
+64 5
+4 54
100 17
+39 15
+70 15
cfi=(20)
cfn=(74)
calls=5 -93 
* 92
* 85
+6 80
-1 80
+1 85
-1 5
+1 15
+5 10
-96 1
+7 4
+32 10
cfi=(19)
cfn=(46)
calls=5 50 
* 90
* 5
+1 5
-1 10
+1 5

fn=(50)
31 12
+2 6
-2 18
+2 12
cfi=(2)
cfn=(52)
calls=6 784 
* 12
+2 52
+3 60
+2 5
+2 5
+4 5
+4 5
-4 10
+1 5
+4 10
-4 5
+1 5
+3 5
-3 5
+2 5
cfi=(2)
cfn=(54)
calls=5 790 
* 10
-4 1
+4 1
-4 2
+1 1
+4 2
-4 1
+1 1
+3 1
-3 1
+2 1
cfi=(2)
cfn=(54)
calls=1 790 
* 2
-5 2

fl=(20)
fn=(48)
129 33
+2 33
+1 33
+1 23
+1 23
+5 13
+1 13
+1 13
+1 13
+5 13
267 10
+1 10
+1 3
+1 3
+1 1
+1 1
+1 1
+1 1
+1 1
+2 1
+22 7
+1 7
+1 7
+1 7
+1 7
+3 2
+1 2
+1 2
+1 2
+1 2
+17 10
+1 10
+1 10
+1 10
+22 10
+1 10
+1 10
+1 10
+1 10
+1 10
+1 10
+1 10
+2 10

fn=(74)
116 39
+1 39
+1 39
+13 39
+1 39
+1 8
+1 8
+5 4
+1 4
+1 4
+1 4
+5 4
267 31
+1 31
+1 12
+1 12
+1 7
+1 7
+1 5
+4 5
+22 19
+1 19
+1 19
+1 19
+1 19
+3 5
+1 5
+1 5
+1 5
+1 5
+3 2
+1 2
+1 2
+1 2
+1 2
+10 4
+1 4
+1 4
+1 4
+22 4
+1 4
+1 4
+1 4
+1 4
+1 4
+1 4
+1 4
+2 4

fl=(82) /build/glibc-OTsEL5/glibc-2.27/elf/../sysdeps/x86_64/dl-trampoline.h
fn=(306) _dl_runtime_resolve_xsave
71 16
+3 16
+2 16
+10 16
+6 16
+1 16
+1 16
+1 16
+1 16
+1 16
+1 16
+4 16
+1 16
+3 16
+1 16
+2 16
+1 16
+1 16
+1 16
+1 16
+1 16
+2 16
+7 16
+1 16
+1 16
cfi=(83)
cfn=(308)
calls=16 -59 
* 19061
+1 16
+5 16
+1 16
+1 16
+2 16
+1 16
+1 16
+1 16
+1 16
+1 16
+1 16
+2 16
+2 16
+4 16
+3 16

fn=(307) _dl_runtime_resolve_xsave'2
71 4
+3 4
+2 4
+10 4
+6 4
+1 4
+1 4
+1 4
+1 4
+1 4
+1 4
+4 4
+1 4
+3 4
+1 4
+2 4
+1 4
+1 4
+1 4
+1 4
+1 4
+2 4
+7 4
+1 4
+1 4
cfi=(83)
cfn=(308)
calls=4 -59 
* 4680
+1 4
+5 4
+1 4
+1 4
+2 4
+1 4
+1 4
+1 4
+1 4
+1 4
+1 4
+2 4
+2 4
+4 4
+3 4

fl=(30)
fn=(86)
40 24
+1 6
cfi=(13)
cfn=(28)
calls=6 +38 
* 214
* 6
+1 12
cfi=(19)
cfn=(46)
calls=6 +8 
* 108
* 6
+2 12
+4 6
-1 12
+1 12
-1 12
cfi=(20)
cfn=(48)
calls=6 +82 
* 92

fl=(39)
fn=(124)
27 20
+1 5

fl=(50)
fn=(154)
187 36
+8 8
+3 12
+45 15
+6 6
-6 1
+6 2
+11 4
-2 4
fi=(51) /build/glibc-OTsEL5/glibc-2.27/elf/../sysdeps/x86/dl-procinfo.h
39 4
fe=(50)
258 8
fi=(51)
39 12
+3 12
cfi=(21)
cfn=(56)
calls=4 144 
* 96
* 8
fe=(50)
264 16
cfi=(9)
cfn=(26)
calls=4 373 
* 72
* 4
fi=(26)
28 8
fe=(50)
264 4
fi=(26)
28 8
fe=(50)
266 8
fi=(26)
32 12
fe=(50)
270 8
+15 4
-15 4
+15 455
cfn=(160) _dl_cache_libcmp
calls=29 141 
* 2337
* 205
cfn=(160)
calls=4 141 
* 284
* 28
-84 4
cfi=(36)
cfn=(156)
calls=1 44 
* 107
+8 1
-8 1
+8 4
+1 7
+7 1
-3 1
+3 3
+3 1
+1 2
-1 1
+1 1
+1 8
+63 12
+16 8
+4 8
+8 12
cfi=(13)
cfn=(28)
calls=4 79 
* 136
* 8
+1 4
-1 16
+1 8
cfi=(20)
cfn=(48)
calls=4 129 
* 64
+1 8
cfi=(30)
cfn=(86)
calls=4 40 
* 344
+1 32
-19 8
-27 16
+1 12
-1 28
+15 64
fi=(51)
42 12
fe=(50)
297 3

fn=(284)
326 4
-1 1
+3 2
cfi=(44)
cfn=(286) munmap
calls=1 78 
* 5
+1 1
+2 2

fn=(160)
141 66
+1 74
+2 720
+20 352
+2 646
+4 147
+1 147
-29 294
+32 12
-28 8
+6 4
+2 4
-1 4
-1 8
+1 4
-1 4
+2 12
+2 12
-3 4
+3 4
+2 8
+9 87

fl=(32)
fn=(278)
887 8
+9 2
-3 4
+8 14
+41 2
+1 2
+1 8

fn=(94)
113 2
+1 2

fn=(280)
437 8
+1 1
-1 1
+1 1
+4 1
+6 2
-6 1
+6 1
+12 1
-15 1
+39 1
-24 1
-16 2
+21 9
+6 18
+3 2
+1 4
+6 6
+3 2
-2 2
+6 2
-6 2
+2 2
+4 2
-4 4
+3 2
-3 2
+1 2
+2 2
+4 4
+1 8
+2 4
+1 4
+12 2
-3 2
+3 4
cfi=(20)
cfn=(74)
calls=2 116 
* 25
* 10
cfi=(28)
cfn=(76)
calls=2 109 
* 66
* 14
-42 4
+52 1
+4 3
+3 8

fn=(162)
51 8
+48 2
+4 2

fn=(176)
141 1
-6 5
+6 2
+3 2
+36 3
+2 4
-2 1
-2 1
-40 1
-1 1
-1 2
+69 4
+3 4
-3 10
+2 4
+10 2
-37 4
+25 2
-25 5
+2 2
+3 2
-1 2
+5 4
-4 2
-1 4
+3 4
+2 6
-9 5
+93 1
-53 1
+1 1
+52 1
-1 1
+1 4

fn=(312) _dl_get_tls_static_info
309 2
+1 2
+1 1

fn=(178)
332 1
+2 1
-2 2
+13 1
+1 2
cfi=(19)
cfn=(46)
calls=1 50 
* 18
* 1
+1 3
+8 2
-69 1
+69 2
+1 1
+4 297
+19 1
-94 2
+1 2
cfi=(19)
cfn=(42)
calls=1 92 
* 27
* 1
+1 2
+3 1
+6 2
+89 5

fl=(78) /build/glibc-OTsEL5/glibc-2.27/elf/dl-init.c
fn=(290) _dl_init
79 11
+5 1
-4 1
+1 1
+3 2
+8 2
+25 2
+1 12
+1 21
-89 21
+9 6
-3 12
+3 18
+5 15
+5 8
+9 24
cob=(2)
cfi=(18)
cfn=(736)
calls=1 -58 
* 6
cob=(2)
cfi=(18)
cfn=(376)
calls=1 -58 
* 6
cob=(2)
cfi=(18)
cfn=(364)
calls=1 -58 
* 6
cob=(3)
cfi=(89) /build/glibc-OTsEL5/glibc-2.27/csu/../csu/init-first.c
cfn=(342) _init
calls=1 -6 
* 219
* 4
+4 8
+6 8
+2 8
-2 4
+3 4
-1 4
+1 20
+1 16
cob=(7) /usr/lib/valgrind/vgpreload_core-amd64-linux.so
cfi=(138) ???
cfn=(740) 0x0000000000000640
calls=1 -72 
* 17
cob=(6) /usr/lib/x86_64-linux-gnu/libgomp.so.1.0.0
cfi=(99) ???
cfn=(380) 0x0000000000009a80
calls=1 -72 
* 11
cob=(5) /lib/x86_64-linux-gnu/libdl-2.27.so
cfi=(97) ???
cfn=(368) 0x0000000000000f30
calls=1 -72 
* 17
cob=(3)
cfi=(95) /build/glibc-OTsEL5/glibc-2.27/string/../sysdeps/x86/cacheinfo.c
cfn=(356) init_cacheinfo
calls=1 488 
* 1773
* 12
cob=(6)
cfi=(99)
cfn=(730) 0x00000000000099a0
calls=1 -72 
* 34
cob=(6)
cfi=(99)
cfn=(386) 0x0000000000007e90
calls=1 -72 
* 85841
cob=(5)
cfi=(98) /build/glibc-OTsEL5/glibc-2.27/dlfcn/dlfcn.c
cfn=(374) init
calls=1 -43 
* 3
* 7
-1 14
+47 12
+7 8
-80 3
-5 3
-10 3
+57 2
-48 1
-3 2
+3 3
+5 3
+5 2
+9 7
cob=(2)
cfi=(18)
cfn=(292)
calls=1 -58 
* 4264
* 1
+3 1
+1 2
+6 1
+2 2
-2 2
+3 9
+1 4
cob=(4)
cfi=(88) /build/glibc-OTsEL5/glibc-2.27/nptl/../sysdeps/unix/sysv/linux/x86/elision-conf.c
cfn=(336) elision_init
calls=1 +35 
* 1581
-1 1
+1 4
cob=(4)
cfi=(87) ???
cfn=(330) 0x0000000000005c80
calls=1 -72 
* 17
-1 9

fl=(7)
fn=(12)
88 8
+25 1
-1 1
+1 79
+6 1
-3 1
+1 1
-4 1
+3 1
+3 4
+1 2
-1 12
-29 1
-1 10
+30 2
+1 105
+3 1
-4 70
+62 1
-62 1
+63 1
-1 1
-62 3
+34 1
-34 2
+35 1
-35 2
+46 1
-46 1
+47 1
-1 1
-46 3
+40 1
-40 1
+41 1
-1 1
-40 3
+37 1
-37 2
+38 1
-38 3
+13 1
-13 2
+14 1
-14 2
+10 1
-10 2
+11 1
-11 2
+7 1
-7 4
224 1
cfi=(9)
cfn=(16)
calls=1 +65 
* 8270
fi=(11)
35 2
cfi=(12)
cfn=(22)
calls=1 -4 
* 11
fi=(8)
196 1
-12 1
+1 1
+11 1
+3 1
-3 1
+3 5
366 3
+1 1
+3 2
+1 1
+6 1
+5 2
-3 1
+3 1
-4 1
+4 1
cfi=(9)
cfn=(26)
calls=1 -9 
* 16
+2 4
cfi=(9)
cfn=(26)
calls=1 -11 
* 18
* 1
+2 3
-2 1
+2 1
cfi=(9)
cfn=(26)
calls=1 -13 
* 18
* 1
+2 3
-2 1
+2 1
cfi=(9)
cfn=(26)
calls=1 -15 
* 18
+12 1
-12 1
+11 1
-11 1
+12 1
fe=(7)
236 1
cfi=(13)
cfn=(28)
calls=1 79 
* 16
* 1
+2 2
cfi=(14)
cfn=(30)
calls=1 32 
* 17
* 3
+12 3
+3 5
cfi=(2)
cfn=(32)
calls=1 870 
* 173568
+1 1
+1 8
fi=(8)
404 3
+28 2
-9 3
+2 4
+3 4
+1 2
205 6
cfn=(24)
calls=1 34 
* 87
+3 3
+97 4
+7 4
203 1
312 4
210 5
+1 7
+85 3
-79 2
fe=(7)

fn=(282)
260 1

fl=(49)
fn=(152)
34 8
-1 8
+1 8
+1 48
+4 1
-4 28

fl=(46)
fn=(142)
27 24
+1 6

fl=(47)
fn=(144)
27 7
+4 1

fl=(16)
fn=(36)
24 2
+1 2
+1 2
+1 2
+1 2
+1 2
+1 2
+1 2
+3 2
+1 2
+1 1
+1 1
+1 1
+1 1
+1 1
+1 1
+1 1
+2 2
+1 2
+1 1
+1 1
+1 1
+1 1
+1 1
+1 1
+1 1
+2 2
+1 2
+1 2
+1 2
+1 2
+1 2
+1 1
+1 1
+1 1
+2 1
+1 1
+1 1
+1 1
+1 1
+1 1
+29 2
+1 2
+15 2
+1 2

fl=(31)
fn=(92)
49 14
+5 12
+5 2
-1 1
+1 2
+1 2
-1 1
+5 1
-14 7
+4 14
+4 1
-1 1
+1 7

fn=(96)
74 2

fl=(15)
fn=(34)
29 3
+3 10
+13 21
-13 63
+2 46
+1 18
+5 2
-3 2
+3 2
+2 2
+7 1

fl=(53)
fn=(172) _dl_check_map_versions
156 49
+15 21
+2 35
+2 7
+1 7
+2 7
-3 7
+1 7
+2 7
+3 15
-16 5
-8 10
+28 5
-4 5
+4 10
+16 5
37 10
201 5
37 25
201 5
37 10
201 5
37 25
+1 41
-1 82
+2 153
cfi=(36)
cfn=(116)
calls=51 282 
* 4960
* 102
209 30
+5 10
-71 30
+71 20
-71 30
+79 10
-2 10
-2 20
+4 10
-4 70
+4 17
-2 17
-2 34
+4 17
-4 139
57 12
+8 12
-8 69
+8 69
+6 81
+16 27
+1 54
+2 27
+5 162
+14 440
+12 579
+4 193
-30 386
225 108
+3 81
+5 17
-11 17
111 27
+3 108
cfi=(21)
cfn=(56)
calls=27 +30 
* 1304
* 128
237 40
+5 15
-43 5
+52 15
+3 20
+3 30
+3 20
+4 5
-7 20
+3 15
+4 59
-7 236
+3 182
+8 18
+89 63
-83 24
cfi=(19)
cfn=(42)
calls=6 92 
* 162
* 6
+1 6
-2 6
+2 6
+13 6
+2 6
-5 6
+3 6
+2 6
-2 6
+2 6
+3 20
+4 30
+18 17
-15 51
+2 51
-2 30
+2 30
+2 27
+1 27
-1 54
+1 27
-1 27
+1 27
+1 27
-2 27
+2 54
+1 81
+3 81
+8 30
+5 5
-28 5
+33 18
+3 20
+4 64
+6 64
+1 64
+1 64
-1 192
+1 64
-1 64
+1 64
+1 64
+3 192
+4 64
-14 138
+10 15
-96 2
-86 2
-8 2
+94 3

fn=(170)
362 5
+2 1
-2 3
+4 3
+2 42
cfn=(172)
calls=7 156 
* 12873
-2 7
+2 28
-2 14
+5 7

fl=(54)
fn=(180)
148 70
+15 7
-15 14
+15 7
+1 35
+6 21
+6 28
+1 14
-19 12
+22 12
+7 7
-32 7
+32 7
+44 7
fi=(5)
76 7
fe=(54)
231 14
fi=(5)
76 21
fe=(54)
258 266
-99 5
fi=(5)
481 15
fe=(54)
159 10
+99 5
fi=(4)
48 5
fe=(54)
258 5
fi=(4)
47 5
+11 5
-11 5
+11 5
-11 5
+11 5
fe=(54)
258 2
-99 2
fi=(5)
481 6
fe=(54)
159 4
+99 2
fi=(4)
48 2
fe=(54)
258 2
fi=(4)
47 2
+11 2
-11 2
+11 2
-11 2
+11 2
fe=(54)
258 7
fi=(4)
48 7
fe=(54)
258 7
fi=(4)
47 7
+11 7
-11 7
+11 7
-11 7
+11 7
+26 9
+14 18
-15 18
+3 36
+12 9
+10 14
+10 27
+6 8
-3 16
+3 8
fi=(5)
491 6
fi=(4)
51 6
fi=(5)
491 6
fi=(4)
50 12
+77 592
+12 296
-3 444
fi=(5)
276 148
fi=(4)
139 148
-2 148
-1 148
+1 148
+1 148
-1 296
fi=(5)
276 148
+21 296
+4 296
+7 592
fi=(55)
102 384
fi=(5)
308 2406
fi=(4)
138 125
fi=(5)
308 250
fi=(4)
138 125
fi=(5)
308 125
fi=(4)
138 125
fi=(5)
308 1750
cfi=(6)
cfn=(188)
calls=125 790 
* 88020
* 750
+2 384
+25 888
fi=(4)
74 10
+1 7
+1 78
fi=(5)
551 39
+24 78
+2 39
cob=(3)
cfi=(77) /build/glibc-OTsEL5/glibc-2.27/time/../sysdeps/unix/sysv/linux/x86/gettimeofday.c
cfn=(274) gettimeofday
calls=1 42 
* 77
cob=(3)
cfi=(58) /build/glibc-OTsEL5/glibc-2.27/string/../sysdeps/x86_64/multiarch/ifunc-strcasecmp.h
cfn=(270) strncasecmp_l
calls=1 32 
* 6
cob=(3)
cfi=(60) /build/glibc-OTsEL5/glibc-2.27/string/../sysdeps/x86_64/multiarch/ifunc-avx2.h
cfn=(268) strchrnul
calls=1 32 
* 8
cob=(3)
cfi=(57) /build/glibc-OTsEL5/glibc-2.27/string/../sysdeps/x86_64/multiarch/ifunc-unaligned-ssse3.h
cfn=(266) stpcpy
calls=1 33 
* 9
cob=(3)
cfi=(57)
cfn=(264) stpncpy
calls=1 33 
* 9
cob=(3)
cfi=(70) /build/glibc-OTsEL5/glibc-2.27/string/../sysdeps/x86_64/multiarch/ifunc-sse4_2.h
cfn=(262) strspn
calls=1 30 
* 6
cob=(3)
cfi=(64) /build/glibc-OTsEL5/glibc-2.27/wcsmbs/../sysdeps/x86_64/multiarch/ifunc-avx2.h
cfn=(260) wcslen
calls=1 32 
* 8
cob=(3)
cfi=(60)
cfn=(258) memchr
calls=1 32 
* 8
cob=(3)
cfi=(58)
cfn=(254) strcasecmp_l
calls=1 32 
* 6
cob=(3)
cfi=(60)
cfn=(252) memrchr
calls=1 32 
* 8
cob=(3)
cfi=(60)
cfn=(250) strlen
calls=1 32 
* 8
cob=(3)
cfi=(74) /build/glibc-OTsEL5/glibc-2.27/string/../sysdeps/x86_64/multiarch/strchr.c
cfn=(248) index
calls=1 40 
* 8
cob=(3)
cfi=(70)
cfn=(246) strpbrk
calls=1 30 
* 6
cob=(3)
cfi=(73) /build/glibc-OTsEL5/glibc-2.27/wcsmbs/../sysdeps/x86_64/multiarch/ifunc-wmemset.h
cfn=(244) wmemset
calls=2 32 
* 26
cob=(3)
cfi=(72) /build/glibc-OTsEL5/glibc-2.27/wcsmbs/../sysdeps/x86_64/multiarch/wcsnlen.c
cfn=(242) wcsnlen
calls=1 40 
* 7
cob=(3)
cfi=(56) /build/glibc-OTsEL5/glibc-2.27/string/../sysdeps/x86_64/multiarch/ifunc-memmove.h
cfn=(240) memcpy@@GLIBC_2.14
calls=1 44 
* 16
cob=(3)
cfi=(57)
cfn=(238) strcpy
calls=1 33 
* 9
cob=(3)
cfi=(58)
cfn=(234) strncasecmp
calls=1 32 
* 6
cob=(3)
cfi=(70)
cfn=(232) strcspn
calls=1 30 
* 6
cob=(3)
cfi=(60)
cfn=(230) strnlen
calls=2 32 
* 16
cob=(3)
cfi=(64)
cfn=(228) wcschr
calls=2 32 
* 16
cob=(3)
cfi=(69)
cfn=(226)
calls=1 42 
* 18
cob=(3)
cfi=(68) /build/glibc-OTsEL5/glibc-2.27/string/../sysdeps/x86_64/multiarch/strcmp.c
cfn=(224) strcmp
calls=1 38 
* 9
cob=(3)
cfi=(67) /build/glibc-OTsEL5/glibc-2.27/string/../sysdeps/x86_64/multiarch/strncmp.c
cfn=(222) strncmp
calls=1 38 
* 8
cob=(3)
cfi=(65) /build/glibc-OTsEL5/glibc-2.27/string/../sysdeps/x86_64/multiarch/ifunc-memcmp.h
cfn=(218) bcmp
calls=1 33 
* 13
cob=(3)
cfi=(56)
cfn=(216) mempcpy
calls=1 44 
* 16
cob=(3)
cfi=(64)
cfn=(214) wmemchr
calls=2 32 
* 16
cob=(3)
cfi=(60)
cfn=(212) rawmemchr
calls=1 32 
* 8
cob=(3)
cfi=(61) /build/glibc-OTsEL5/glibc-2.27/time/../sysdeps/unix/sysv/linux/x86/time.c
cfn=(206) time
calls=1 43 
* 77
cob=(3)
cfi=(60)
cfn=(204) rindex
calls=1 32 
* 8
cob=(3)
cfi=(57)
cfn=(202) strcat
calls=1 33 
* 9
cob=(3)
cfi=(58)
cfn=(198) strcasecmp
calls=1 32 
* 6
cob=(3)
cfi=(57)
cfn=(196) strncpy
calls=1 33 
* 9
cob=(3)
cfi=(56)
cfn=(194) memmove
calls=2 44 
* 32
-26 39
+27 39
fi=(4)
75 121
fe=(54)
258 2
fi=(4)
75 26
fe=(54)
258 26
+3 28
+24 7
+3 14
+17 21
+8 35
+3 7
-3 7
+3 7
+4 14
+1 21
cfi=(44)
cfn=(136)
calls=7 78 
* 35
* 14
-14 56
fi=(5)
131 15
458 500
fi=(4)
124 444
+19 30
fi=(5)
430 69
+4 92
+5 23
+9 23
-9 46
+9 46
308 40
+5 20
-3 40
+3 176
-3 232
+3 348
-5 63
fi=(4)
61 10
-10 5
-1 10
fi=(5)
551 374
+4 374
+2 561
+1 187
fi=(4)
61 678
+2 904
+2 119
+46 15
fi=(5)
541 1341
fi=(4)
111 1341
fi=(5)
541 1341
fi=(4)
111 1341
fi=(5)
541 1341
fi=(4)
111 1341
fi=(5)
535 1341
fi=(4)
112 2682
fi=(5)
535 2682
+5 2682
fi=(4)
50 1
160 1
51 1
160 4
+2 20
+9 10
-1 5
+1 5
-1 10
fi=(5)
276 5
fi=(4)
170 15
fi=(5)
276 5
+21 10
+4 10
+7 20
fi=(55)
102 15
fi=(5)
308 170
cfi=(6)
cfn=(188)
calls=5 790 
* 2959
* 35
+2 15
+25 30
fe=(54)
-77 10
fi=(5)
82 10
+4 15
+14 5
-8 5
+8 10
+20 10
+4 20
-2 10
458 20
fi=(4)
160 17
+14 2
fi=(5)
313 1
-3 2
+3 3
-5 87
fe=(54)
180 3
fi=(5)
308 6
fe=(54)

fl=(44)
fn=(136)
78 48
+1 12

fn=(286)
78 4
+1 1

fl=(42)
fn=(132)
44 30
+3 15
-6 180
+6 15
+5 150
+2 105
-7 26

fl=(48)
fn=(148)
60 20
+7 10
-4 30
+1 10
-1 10
+1 10
-1 50
cfi=(24)
cfn=(114)
calls=10 2080 
* 21122
* 10
+5 20

fn=(146)
159 1
-1 1
+1 1
-1 5
+1 1
-1 2
+1 1
-1 2
+1 1
-1 1
+1 1
-8 1
+8 2
-8 1
-6 1
+14 1
-8 1
+24 1
-32 1
+1 1
+1 1
+6 1
+24 2
-28 2
-2 1
+31 1
-33 3
+2 2
-1 1
+1 2
+6 3
+24 1
-24 1
+24 7
+4 1
+19 1
+2 2
-14 1
-1 1
+13 5
+11 1
+4 4
-4 6
+4 24
+12 21
+2 5
+8 5
-8 5
+6 5
-6 5
+6 5
+1 5
+4 5
-3 5
-3 5
+2 5
+4 20
+66 5
-98 5
+98 5
-66 10
+7 50
cfi=(29)
cfn=(84)
calls=10 24 
* 302
* 20
+4 30
-2 10
+2 10
cfi=(34)
cfn=(108)
calls=10 -74 
* 21802
* 10
+1 20
+9 10
+2 20
+5 5
+6 5
+2 5
-8 10
+3 5
+1 5
+1 5
+1 5
+4 25
+4 20
+1 24
-43 556
+1 278
+44 387
434 10
+2 15
+3 10
-1 5
cfi=(19)
cfn=(46)
calls=5 50 
* 90
* 5
+2 5
-2 5
+2 5
+3 5
+1 20
-1 5
+1 5
cfi=(20)
cfn=(48)
calls=5 129 
* 50
+1 25
cfi=(20)
cfn=(48)
calls=5 129 
* 50
+4 5
-1 5
+5 52
+7 6
+4 4
+11 3
-1 1
cfi=(19)
cfn=(46)
calls=1 50 
* 18
* 1
+3 1
-3 1
+3 4
+5 1
+1 1
-1 1
+3 2
-3 4
+9 2
+4 3
-10 3
-3 6
+9 12
+4 18
-10 18
+13 2
+51 2
+2 1
-1 1
+1 2
+35 7
cfi=(20)
cfn=(48)
calls=1 129 
* 18
+4 5
cfi=(52)
cfn=(164)
calls=1 28 
* 800
+3 1
+3 1
-1 1
+2 4
+7 3
+3 2
+3 8
225 8
-19 2
434 5
+27 2
214 46
+2 5
+2 20
+2 39
456 18
-1 7
+1 16
199 3
573 12

fl=(33)
fn=(100)
30 1
+7 1
+1 1
+2 1
+1 1
+1 1
+1 1
+1 33
+3 2
+7 1
+1 1
+1 1
+1 1
+2 1
+1 1
+1 1
+1 1
+2 1
+1 1
+1 1
+9 3
+12 1
+2 1
+1 1
+1 1
-4 11
+2 11
+1 11
+1 11
+2 12
+1 12
+1 12
+2 12
+1 12
+1 12
+2 12
+1 12
+1 12
+2 1
+1 1
+1 1
+2 1
+7 1
+4 1

fl=(190) /build/glibc-OTsEL5/glibc-2.27/elf/dl-fini.c
fn=(1010) _dl_fini
30 8
+20 3
-3 6
+3 4
+3 2
cob=(4)
cfi=(114) /build/glibc-OTsEL5/glibc-2.27/nptl/../nptl/pthread_mutex_lock.c
cfn=(490) pthread_mutex_lock
calls=1 +12 
* 35
+2 1
+3 2
+2 8
+8 1
-3 1
+8 1
-5 6
+7 14
+2 14
+2 14
+1 7
+1 7
+4 7
-12 21
+14 6
+1 4
+6 3
cfi=(52)
cfn=(164)
calls=1 -66 
* 876
+10 2
cob=(4)
cfi=(116) /build/glibc-OTsEL5/glibc-2.27/nptl/pthread_mutex_unlock.c
cfn=(500) pthread_mutex_unlock
calls=1 -66 
* 28
+5 6
+2 1
+2 3
-2 6
+2 18
+3 14
+3 21
+4 10
+11 5
+1 5
-1 5
+2 5
-2 5
+2 5
+1 35
+1 5
cob=(4)
cfi=(87)
cfn=(1100) 0x0000000000005c40
calls=1 0 
* 101
cob=(5)
cfi=(194) /build/glibc-OTsEL5/glibc-2.27/dlfcn/dlerror.c
cfn=(1078) fini
calls=1 +71 
* 16
cob=(6)
cfi=(99)
cfn=(1052) 0x0000000000007400
calls=1 0 
* 1644
cob=(7)
cfi=(138)
cfn=(1034) 0x0000000000000600
calls=1 0 
* 101
cob=(8) /home/me/HPP/Assignment6/galsim
cfi=(139) ???
cfn=(1012) 0x0000000000000e70
calls=1 0 
* 101
* 2
cob=(5)
cfi=(97)
cfn=(1082) 0x0000000000000ef0
calls=1 0 
* 101
cob=(6)
cfi=(99)
cfn=(1060) 0x0000000000009a40
calls=1 0 
* 98
* 7
-1 19
+5 10
+1 15
cob=(2)
cfi=(18)
cfn=(1116)
calls=1 0 
* 3
cob=(2)
cfi=(18)
cfn=(1098)
calls=1 0 
* 3
cob=(2)
cfi=(18)
cfn=(1076)
calls=1 0 
* 3
cob=(2)
cfi=(18)
cfn=(1050)
calls=1 0 
* 3
cob=(2)
cfi=(18)
cfn=(1032)
calls=1 0 
* 3
+6 42
+16 14
-56 16
+62 6
+6 2
+7 8
-90 7
+26 6

fl=(21)
fn=(56)
144 867
+1 867
+2 867
+1 867
+21 867
+1 867
+1 731
+1 731
+1 553
+1 553
+1 553
+1 553
+21 553
+1 553
+1 553
+1 553
+1 553
+1 553
+1 553
+5 18
+1 18
+9 18
+1 18
+1 18
+1 18
+1 18
+1 18
+1 18
+1 18
-7 314
+1 314
+1 314
+1 314
+1 314
+1 314
+1 314
+1 314
+1 253
+1 195
+1 195
+1 195
+2 195
+1 195
+1 195
+1 195
+1 195
+1 195
-5 58
+1 58
+1 58
+1 58
+1 58
+1 58
+10 79
+1 79
+1 79
+2 79
+6 79
+1 79
+1 79
+1 79
+1 79
+5 79
+2 74
+1 74
+1 148
+8 74
+1 74
+3 74
+1 74
+1 74
+1 74
+1 74
+1 74
+31 74
+1 74
+1 74
+1 74
+1 74
+2 74
+1 74
+1 74
+1 74
+1 74
+1 74
+1 74
+1 21
+3 21
+1 21
+1 21
+6 21
+1 21
+1 42
+4 21
+1 21
+3 21
+1 21
+1 21
+3 21
+1 21
+1 21
+6 21
+1 21
+1 21
+1 21
+1 21
+1 21
+78 2
+1 2
+1 2
+1 2
+1 2
+2 2
+1 2
+1 2
+1 2
+1 2
+1 2
+1 2
+1 2
+3 2
+1 2
+1 2
+6 2
+1 2
+1 4
+4 2
+1 2
+3 2
+1 2
+1 2
+3 2
+1 2
+1 2
+6 2
+1 2
+1 2
+1 2
+1 2
+1 2
821 2
+1 2
+1 2
+1 2
+1 2
+2 2
+1 2
+1 2
+1 2
+1 2
+1 2
+1 2
+1 2
+4 2
+1 2
+1 2
+6 2
+1 2
+1 4
+4 2
+1 2
+3 2
+1 2
+1 2
+3 2
+1 2
+1 2
+6 2
+1 2
+1 2
+1 2
+1 2
+1 2
+72 4
+1 4
+1 4
+1 4
+1 4
+2 4
+1 4
+1 4
+1 4
+1 4
+1 4
+1 4
+1 1
+4 1
+1 1
+1 1
+6 1
+1 1
+1 2
+4 1
+1 1
+3 1
+1 1
+1 1
+3 1
+1 1
+1 1
+6 1
+1 1
+1 1
+1 1
+1 1
+1 1
+72 16
+1 16
+1 16
+1 16
+1 16
+2 16
+1 16
+1 16
+1 16
+1 16
+1 16
+1 16
+1 11
+4 11
+1 11
+1 11
+6 11
+1 11
+1 22
+4 11
+1 11
+3 11
+1 11
+1 11
+3 11
+1 11
+1 11
+6 11
+1 11
+1 11
+1 11
+1 11
+1 11
+7 1
+1 1
+2 1
+1 1
+2 1
+1 1
+1 1
+3 1
+1 1
+1 1
+6 1
+1 1
+1 1
+1 1
+1 1
+1 1
+41 11
+1 11
+1 11
+1 11
+1 11
+2 11
+1 11
+1 11
+1 11
+1 11
+1 11
+1 11
+1 9
+4 9
+1 9
+1 9
+6 9
+1 9
+1 18
+4 9
+1 9
+3 9
+1 9
+1 9
+3 9
+1 9
+1 9
+6 9
+1 9
+1 9
+1 9
+1 9
+1 9
+72 20
+1 20
+1 20
+1 20
+1 20
+2 20
+1 20
+1 20
+1 20
+1 20
+1 20
+1 20
+1 10
+4 10
+1 10
+1 10
+6 10
+1 10
+1 20
+4 10
+1 10
+3 10
+1 10
+1 10
+3 10
+1 10
+1 10
+6 10
+1 10
+1 10
+1 10
+1 10
+1 10
+72 2
+1 2
+1 2
+1 2
+1 2
+2 2
+1 2
+1 2
+1 2
+1 2
+1 2
+1 2
+1 1
+4 1
+1 1
+1 1
+6 1
+1 1
+1 2
+4 1
+1 1
+3 1
+1 1
+1 1
+3 1
+1 1
+1 1
+6 1
+1 1
+1 1
+1 1
+1 1
+1 1
+72 7
+1 7
+1 7
+1 7
+1 7
+2 7
+1 7
+1 7
+1 7
+1 7
+1 7
+1 7
+1 6
+4 6
+1 6
+1 6
+6 6
+1 6
+1 12
+4 6
+1 6
+3 6
+1 6
+1 6
+3 6
+1 6
+1 6
+6 6
+1 6
+1 6
+1 6
+1 6
+1 6
+72 32
+1 32
+1 32
+1 32
+1 32
+2 32
+1 32
+1 32
+1 32
+1 32
+1 32
+1 32
+1 10
+4 10
+1 10
+1 10
+6 10
+1 10
+1 20
+4 10
+1 10
+3 10
+1 10
+1 10
+3 10
+1 10
+1 10
+6 10
+1 10
+1 10
+1 10
+1 10
+1 10
+7 2
+1 2
+2 2
+1 2
+2 2
+1 2
+1 2
+3 2
+1 2
+1 2
+6 2
+1 2
+1 2
+1 2
+1 2
+1 2
+41 23
+1 23
+1 23
+1 23
+1 23
+2 23
+1 23
+1 23
+1 23
+1 23
+1 23
+1 23
+1 8
+4 8
+1 8
+1 8
+6 8
+1 8
+1 16
+4 8
+1 8
+3 8
+1 8
+1 8
+3 8
+1 8
+1 8
+6 8
+1 8
+1 8
+1 8
+1 8
+1 8
+72 11
+1 11
+1 11
+1 11
+1 11
+2 11
+1 11
+1 11
+1 11
+1 11
+1 11
+1 11

ob=(4)
fl=(193) /build/glibc-OTsEL5/glibc-2.27/nptl/pthread_key_delete.c
fn=(1058) pthread_key_delete
29 2
+2 5
+2 2
+1 4
+3 1
+4 1

fl=(163) /build/glibc-OTsEL5/glibc-2.27/nptl/cleanup_defer_compat.c
fn=(828) _pthread_cleanup_push_defer
28 7
+1 7
+1 14
+2 7
+3 14
+17 21
+2 7
+1 7

fn=(884) _pthread_cleanup_pop_restore
62 7
+3 14
+3 21
+23 14
+1 7

fl=(134) /build/glibc-OTsEL5/glibc-2.27/nptl/pthread_attr_init.c
fn=(650) pthread_attr_init@@GLIBC_2.2.5
42 1
-9 1
+9 1
-9 1
+9 3
+5 1
cob=(1)
cfi=(82)
cfn=(307)
calls=1 +24 
* 1034
* 5
* 2
+3 3

fl=(114)
fn=(490)
65 6
+2 2
+2 4
-5 2
+9 8
+81 2
+3 2
+2 2
+3 2
+2 2
+1 4
-83 4
+11 8
+4 2
+3 4
+13 6
+2 6
+1 4

fl=(79)
fn=(294)
285 3
+2 1
-2 1
fi=(80) /build/glibc-OTsEL5/glibc-2.27/nptl/../sysdeps/unix/sysv/linux/pthread-pids.h
29 1
fe=(79)
285 3
fi=(80)
29 3
fe=(79)
289 2
+1 1
+4 3
+6 1
+4 1
+4 2
-8 1
+2 1
+6 1
+48 3
+3 1
+1 1
-1 1
fi=(197) /build/glibc-OTsEL5/glibc-2.27/nptl/../include/list.h
44 1
+1 1
+1 1
fe=(79)
364 1
fi=(197)
48 1
fe=(79)
364 5
+12 1
-1 19
-1 1
+2 2
-2 1
+2 1
cfi=(81) /build/glibc-OTsEL5/glibc-2.27/nptl/../sysdeps/unix/sysv/linux/x86_64/sigaction.c
cfn=(298) __libc_sigaction
calls=1 47 
* 51
+5 1
+2 3
-1 1
-1 1
+2 1
cfi=(81)
cfn=(298)
calls=1 47 
* 51
+10 1
+4 1
-4 1
+4 5
+8 3
cob=(1)
cfi=(82)
cfn=(306)
calls=1 71 
* 1477
* 5
+3 4
+2 1
+2 2
+5 2
-5 4
+5 1
cob=(1)
cfi=(82)
cfn=(306)
calls=1 71 
* 986
* 5
* 2
+1 3
+4 1
+3 3
+4 1
+7 1
-7 1
+1 3
+5 7
+1 3
+1 1
+1 1
-1 1
+2 2
+5 2
+1 2
+1 1
+1 1
+1 3
+3 1
+11 3
-11 1
+3 2
+2 2
+6 1
cob=(1)
cfi=(82)
cfn=(306)
calls=1 71 
* 1523
* 5
-2 1
+6 1
+1 8

fl=(87)
fn=(1100)
0 8
cob=(2)
cfi=(18)
cfn=(1106)
calls=1 0 
0 81
0 1
cfn=(1110) 0x0000000000005bb0
calls=1 0 
0 8
0 3

fn=(1110)
0 8

fn=(330)
0 17

fl=(88)
fn=(336)
107 1
+5 1
-5 1
+5 2
-5 3
+5 2
cob=(1)
cfi=(82)
cfn=(306)
calls=1 -41 
* 1460
* 5
+2 4
cob=(1)
cfi=(9)
cfn=(26)
calls=1 373 
* 19
* 1
+2 4
cob=(1)
cfi=(9)
cfn=(26)
calls=1 373 
* 19
* 1
+2 4
cob=(1)
cfi=(9)
cfn=(26)
calls=1 373 
* 19
* 1
+2 4
cob=(1)
cfi=(9)
cfn=(26)
calls=1 373 
* 19
* 1
+4 3
+1 1
+1 6

fl=(181) /build/glibc-OTsEL5/glibc-2.27/nptl/pthread_setspecific.c
fn=(904) pthread_setspecific
26 5
+7 1
-7 1
+11 2
+3 5
+2 1
-2 3

ob=(1)
fl=(21)
fn=(56)
1959 5
+4 5
+1 5
+1 5
+6 5
+1 5
+1 10
+4 5
+1 5
+3 5
+1 5
+1 5
+3 5
+1 5
+1 5
+6 5
+1 5
+1 5
+1 5
+1 5
+1 5
+72 49
+1 49
+1 49
+1 49
+1 49
+2 49
+1 49
+1 49
+1 49
+1 49
+1 49
+1 49
+2 19
+4 19
+1 19
+1 19
+6 19
+1 19
+2 38
+4 19
+1 19
+3 19
+1 19
+1 19
+3 19
+1 19
+1 19
+6 19
+1 19
+1 19
+1 19
+1 19
+1 19
+74 179
+2 179
+1 179
+1 179
+1 179
-3 153
+1 153
+1 153
+1 153
+1 585
+5 195
+6 195
+1 195
+8 195
+1 195
-16 672
+6 672
+1 672
+8 672
+1 672

fl=(11)
fn=(62)
45 4
+2 3
+85 5
-45 3
cfi=(23)
cfn=(64)
calls=1 -9 
* 5
* 1
+15 1
-15 1
+20 1
-1 1
+3 12
+4 3
-2 6
+2 9
+7 3
-1 3
+4 3
-2 3
+2 10
+5 2

fl=(1) ???
fn=(0) 0x0000000000001090
0 2
cfi=(2)
cfn=(2)
calls=1 444 
0 183553
0 14
cfi=(78)
cfn=(290)
calls=1 79 
0 94146
0 3
cob=(8)
cfi=(139)
cfn=(748) _start
calls=1 0 
0 8548708

ob=(4)
fl=(181)
fn=(904)
44 3
+3 2
+35 1
+5 1
+1 1
-1 1
+3 1
+1 6

fl=(116)
fn=(500)
38 2
344 2
38 2
+1 2
-1 2
+1 4
+4 4
+5 2
+3 2
+3 6
+2 2
346 4
60 4
+6 8
+4 6
+3 4

fl=(81)
fn=(298)
47 10
+4 4
+3 4
-1 2
+1 4
-1 2
+2 2
-1 2
+1 2
+7 2
-7 2
-1 2
+1 2
+2 2
-3 2
+3 2
-3 20
+8 18

ob=(1)
fl=(28)
fn=(76)
109 115
+2 23
+1 23
+1 10
+1 10
+2 4
+1 4
+2 4
+55 6
+1 6
+10 6
+1 6
+1 6
+1 6
+1 6
+1 6
+1 6
+1 6
+1 6
+1 6
+1 6
+1 6
+1 6
+1 6
+2 90
+1 90
+1 90
+1 90
+1 90
+1 90
+1 90
+1 6
+15 13
+1 13
+1 13
+1 6
+1 6
+1 2
+1 2
+24 7
+1 7
+2 7
+3 4
+1 4
+2 4
+3 2
+1 2
+2 2

ob=(4)
fl=(81)
fn=(298)
65 4
+8 10
-11 4

fl=(137) /build/glibc-OTsEL5/glibc-2.27/nptl/pthread_key_create.c
fn=(706) pthread_key_create
26 2
+2 10
+2 3
+2 10
+2 6
+4 6
+3 2
+3 4

fl=(128) /build/glibc-OTsEL5/glibc-2.27/nptl/../sysdeps/unix/sysv/linux/pthread_getaffinity.c
fn=(570) pthread_getaffinity_np@@GLIBC_2.3.4
31 1
+4 2
-4 1
+4 4
+2 2
+4 2
-10 1
+10 4
cob=(1)
cfi=(82)
cfn=(307)
calls=1 +30 
* 967
* 5
+2 1
+1 2

fl=(136) /build/glibc-OTsEL5/glibc-2.27/nptl/pthread_attr_setdetachstate.c
fn=(666) pthread_attr_setdetachstate
31 2
+6 1
+4 2

ob=(5)
fl=(97)
fn=(1082)
0 8
cob=(2)
cfi=(18)
cfn=(1088)
calls=1 0 
0 81
0 1
cfn=(1092) 0x0000000000000e60
calls=1 0 
0 8
0 3

fn=(1092)
0 8

fn=(368)
0 17

fl=(98)
fn=(374)
29 1
+1 1
+1 1

fl=(194)
fn=(1078)
209 2
cfn=(1080) check_free
calls=1 -23 
* 14

fn=(1080)
186 2
+1 1
-1 3
+1 2
+15 6

ob=(6)
fl=(99)
fn=(890) omp_set_num_threads
0 7
cfn=(892) 0x0000000000017ff0
calls=1 0 
0 1901
0 6

fn=(404) 0x0000000000007410
0 24
cob=(3)
cfi=(100) /build/glibc-OTsEL5/glibc-2.27/stdlib/getenv.c
cfn=(394) getenv
calls=3 34 
0 572
0 3
0 24

fn=(416) 0x0000000000007e10
0 48
cfn=(418) 0x00000000000074e0
calls=4 0 
0 1860
0 36

fn=(990) GOMP_barrier
0 1000

fn=(700) 0x00000000000233b0
0 32
cob=(1)
cfi=(82)
cfn=(306)
calls=1 71 
0 1616
0 5
0 5

fn=(976) omp_get_num_threads
0 6

fn=(980) omp_get_thread_num
0 3

fn=(1070) 0x00000000000099d0
0 5

fn=(1052)
0 2
cob=(1)
cfi=(82)
cfn=(306)
calls=1 71 
0 1637
0 5

fn=(386)
0 13
cob=(1)
cfi=(82)
cfn=(306)
calls=1 71 
0 1133
0 5
0 5
cfn=(404)
calls=1 0 
0 213
0 3
cfn=(404)
calls=1 0 
0 205
0 3
cfn=(404)
calls=1 0 
0 205
0 4
cfn=(416)
calls=1 0 
0 243
0 4
cfn=(416)
calls=1 0 
0 251
0 5
cfn=(418)
calls=1 0 
0 222
0 5
cfn=(418)
calls=1 0 
0 222
0 6
cfn=(416)
calls=1 0 
0 1207
0 1
cfn=(460) 0x0000000000018a30
calls=1 0 
0 74331
0 4
cob=(3)
cfi=(100)
cfn=(394)
calls=1 34 
0 196
0 1
0 7
cob=(3)
cfi=(100)
cfn=(394)
calls=1 34 
0 188
0 1
0 5
cob=(3)
cfi=(100)
cfn=(394)
calls=1 34 
0 188
0 1
0 6
cob=(3)
cfi=(100)
cfn=(394)
calls=1 34 
0 188
0 1
0 7
cob=(3)
cfi=(100)
cfn=(394)
calls=1 34 
0 192
0 1
0 9
cob=(1)
cfi=(82)
cfn=(306)
calls=1 71 
0 2288
0 5
0 3
cob=(1)
cfi=(82)
cfn=(306)
calls=1 71 
0 1288
0 5
0 3
cfn=(670) 0x0000000000007c50
calls=1 0 
0 221
0 5
cfn=(670)
calls=1 0 
0 221
0 5
cob=(3)
cfi=(100)
cfn=(394)
calls=1 34 
0 188
0 1
0 7
cfn=(416)
calls=1 0 
0 243
0 5
cob=(3)
cfi=(100)
cfn=(394)
calls=1 34 
0 188
0 1
0 4
cfn=(700)
calls=1 0 
0 1658
0 19
cob=(3)
cfi=(100)
cfn=(394)
calls=1 34 
0 196
0 1
0 5

fn=(418)
0 91
cob=(1)
cfi=(82)
cfn=(306)
calls=1 71 
0 1149
0 5
0 84
cob=(3)
cfi=(100)
cfn=(394)
calls=5 34 
0 948
0 5
0 22

fn=(670)
0 26
cob=(3)
cfi=(100)
cfn=(394)
calls=2 34 
0 384
0 2
0 30

fn=(892)
0 3
cfn=(546) 0x0000000000009a90
calls=1 0 
0 223
0 5
cfn=(896) 0x000000000000f8a0
calls=1 0 
0 17
0 5
cob=(1)
cfi=(82)
cfn=(306)
calls=1 71 
0 1640
0 5
0 3

fn=(1060)
0 8
cob=(2)
cfi=(18)
cfn=(1066)
calls=1 0 
0 81
0 1
cfn=(1070)
calls=1 0 
0 5
0 3

fn=(896)
0 17

fn=(460)
0 4
cob=(1)
cfi=(82)
cfn=(306)
calls=1 71 
0 67710
0 5
0 5
cfn=(546)
calls=1 0 
0 1183
0 3
cob=(1)
cfi=(82)
cfn=(306)
calls=1 71 
0 955
0 5
0 5
cob=(1)
cfi=(82)
cfn=(306)
calls=1 71 
0 2655
0 5
0 5
cob=(1)
cfi=(82)
cfn=(306)
calls=1 71 
0 1029
0 5
0 757

fn=(546)
0 6
cob=(3)
cfi=(110)
cfn=(482)
calls=1 3028 
0 215
cob=(1)
cfi=(82)
cfn=(306)
calls=1 71 
0 1171
0 6
0 8

fn=(380)
0 11

fn=(730)
0 4
cob=(4)
cfi=(137)
cfn=(706)
calls=1 26 
0 25
0 1
0 4

ob=(7)
fl=(138)
fn=(740)
0 17

fn=(1034)
0 8
cob=(2)
cfi=(18)
cfn=(1040)
calls=1 0 
0 81
0 1
cfn=(1044) 0x0000000000000570
calls=1 0 
0 8
0 3

fn=(1044)
0 8

ob=(3)
fl=(160) /build/glibc-OTsEL5/glibc-2.27/debug/printf_chk.c
fn=(820) __printf_chk
26 23
+4 17
+1 2
+1 2
+2 1
+1 3
-1 5
+1 1
cfi=(161) /build/glibc-OTsEL5/glibc-2.27/stdio-common/vfprintf.c
cfn=(822) vfprintf
calls=1 1244 
* 8326
+3 1
-3 1
+3 1
+1 2
fi=(180) /build/glibc-OTsEL5/glibc-2.27/debug/../libio/libioP.h
805 1
+1 2
+1 8
fe=(160)
43 9

fl=(86) /build/glibc-OTsEL5/glibc-2.27/nptl/register-atfork.c
fn=(326) __register_atfork
85 6
+2 2
-2 1
+2 4
-41 2
+7 2
+1 6
+20 1
-1 1
+1 3
+20 1
+1 1
+1 1
+1 1
+18 2
+1 6
-13 4
+2 2
+1 2
-1 1
+1 3

fl=(142) /build/glibc-OTsEL5/glibc-2.27/setjmp/../sysdeps/x86_64/bsd-_setjmp.S
fn=(768) _setjmp
30 1
+2 1
cfi=(143) /build/glibc-OTsEL5/glibc-2.27/setjmp/../sysdeps/x86_64/setjmp.S
cfn=(770) __sigsetjmp
calls=1 -6 
* 27

fl=(174) /build/glibc-OTsEL5/glibc-2.27/nptl/alloca_cutoff.c
fn=(866) __libc_alloca_cutoff
28 18
+7 2

fl=(143)
fn=(770)
26 1
+9 1
+1 2
+1 1
+4 1
+1 1
+1 1
+1 1
+1 1
+2 2
+2 1
+1 1
+1 1
+2 2
+2 1
+8 1
cfi=(144) /build/glibc-OTsEL5/glibc-2.27/setjmp/sigjmp.c
cfn=(772) __sigjmp_save
calls=1 -34 
* 8

fl=(123) /build/glibc-OTsEL5/glibc-2.27/stdlib/../stdlib/strtol.c
fn=(530) strtoul
106 32
cfi=(124) /build/glibc-OTsEL5/glibc-2.27/stdlib/../stdlib/strtol_l.c
cfn=(532) ____strtoul_l_internal
calls=8 226 
* 784

fn=(784) strtol
106 16
cfi=(124)
cfn=(786) ____strtol_l_internal
calls=4 226 
* 433

fl=(125) /build/glibc-OTsEL5/glibc-2.27/dirent/../sysdeps/posix/closedir.c
fn=(534) closedir
34 2
-3 1
+13 1
+6 1
cob=(2)
cfi=(18)
cfn=(536)
calls=1 -50 
* 143
+2 1
+1 1
-1 1
cfi=(126) /build/glibc-OTsEL5/glibc-2.27/io/../sysdeps/unix/sysv/linux/close.c
cfn=(542) __close_nocancel
calls=1 -15 
* 5

fl=(183) /build/glibc-OTsEL5/glibc-2.27/string/../string/strstr.c
fn=(926) __GI_strstr
53 14
+10 8
+26 18
-23 10

fl=(192) /build/glibc-OTsEL5/glibc-2.27/nptl/unregister-atfork.c
fn=(1022) __unregister_atfork
28 20
+8 5
-8 15
+11 10
+1 15
+5 5
-6 10
+82 30

fl=(85) /build/glibc-OTsEL5/glibc-2.27/nptl/libc_pthread_init.c
fn=(324) __libc_pthread_init
43 1
+2 1
+3 1
-5 1
+5 4
cfi=(86)
cfn=(326)
calls=1 +37 
* 52
* 1
+19 2
+3 3
+1 1
-4 3
+3 156
+1 52
-4 156
+12 1
-6 1
+6 2

fl=(153) /build/glibc-OTsEL5/glibc-2.27/stdlib/../sysdeps/x86_64/mul_1.S
fn=(800) __mpn_mul_1
32 16
+3 16
+1 16
+1 16
+1 16
+1 16
+2 16
+1 16
+2 16
+1 16
+1 16
+1 16
+1 12
+2 12
+1 12
+1 12
+1 12
+26 4
+1 4
+1 4
+1 4
+1 4
+1 4
+1 4
+1 4
+1 4
+26 4
+1 4
+1 4
+2 4
+1 4
+1 4
+1 4
+1 4
+1 4
+2 4
+3 4
-5 12
+2 12
+3 12

fl=(182) /build/glibc-OTsEL5/glibc-2.27/libio/iofopen.c
fn=(912) fopen@@GLIBC_2.2.5
88 10
-23 2
+23 4
-23 2
cob=(2)
cfi=(18)
cfn=(480)
calls=2 -65 
* 255
+2 6
+3 2
+2 8
-2 2
+2 6
cfi=(165) /build/glibc-OTsEL5/glibc-2.27/libio/genops.c
cfn=(914) _IO_no_init
calls=2 590 
* 120
+1 2
+1 2
-1 2
+1 2
cfi=(164) /build/glibc-OTsEL5/glibc-2.27/libio/fileops.c
cfn=(918) _IO_new_file_init_internal
calls=2 +33 
* 258
+4 10
cfi=(164)
cfn=(922) _IO_file_fopen@@GLIBC_2.2.5
calls=2 214 
* 297
* 4
-41 4
+53 14

fl=(150) /build/glibc-OTsEL5/glibc-2.27/stdlib/strtod.c
fn=(792) strtod
83 8
cfi=(151) /build/glibc-OTsEL5/glibc-2.27/stdlib/strtod_l.c
cfn=(794) ____strtod_l_internal
calls=2 507 
* 1455

fl=(84) /build/glibc-OTsEL5/glibc-2.27/resource/../sysdeps/unix/sysv/linux/getrlimit64.c
fn=(318) getrlimit
37 1
+1 7
+1 1

fl=(89)
fn=(342)
52 8
+3 3
+14 1
fi=(90) /build/glibc-OTsEL5/glibc-2.27/csu/../sysdeps/generic/dl-hash.h
-25 1
fe=(89)
+23 1
+1 1
fi=(90)
-23 1
fe=(89)
+24 1
fi=(91) /build/glibc-OTsEL5/glibc-2.27/csu/../sysdeps/unix/sysv/linux/x86_64/init-first.c
-33 4
fi=(90)
+7 1
+5 3
+14 4
-17 3
+3 9
+14 12
-17 9
+22 1
fi=(91)
-31 2
+2 2
-2 1
+2 2
cfi=(63) /build/glibc-OTsEL5/glibc-2.27/elf/../sysdeps/unix/sysv/linux/dl-vdso.c
cfn=(210) _dl_vdso_vsym
calls=1 -13 
* 17
+2 1
+4 1
-4 1
+4 1
-4 1
+1 2
+1 1
+2 1
cfi=(63)
cfn=(210)
calls=1 -19 
* 17
fe=(89)
+37 3
fi=(91)
-36 2
+1 1
fe=(89)
+35 1
cfi=(92) /build/glibc-OTsEL5/glibc-2.27/misc/init-misc.c
cfn=(348) __init_misc
calls=1 -50 
* 70
+3 1
cfi=(94) /build/glibc-OTsEL5/glibc-2.27/ctype/ctype-info.c
cfn=(354) __ctype_init
calls=1 -53 
* 16
+5 6
-27 1
-7 1
+7 4

fl=(110)
fn=(482)
3028 32460
+5 21640
+1 21640
+5 75735
+3 10819
-2 32457
+2 32457
+3 21638
+10 5404
+2 4053
cfn=(512) _int_malloc
calls=1351 3521 
* 295328
+1 1351
-1 1351
+1 8106
-19 43272
+8 10816
+1 32448
2941 18936
+2 18936
+1 9468
3081 54095
-46 1
+46 3
-46 1
cfi=(111) /build/glibc-OTsEL5/glibc-2.27/malloc/hooks.c
cfn=(484) malloc_hook_ini
calls=1 29 
* 64185

fn=(510) tcache_init.part.4
2986 1
-9 1
+9 9
+1 3
cfn=(512)
calls=1 3521 
* 389
+1 1
-1 1
+1 1
+8 4
+7 2
+2 1
+1 2
-1 1
+1 78
+3 2

fn=(514) sysmalloc
2274 8
+20 1
+11 1
-11 1
+11 1
+1 4
fi=(112) /build/glibc-OTsEL5/glibc-2.27/malloc/arena.c
535 1
fe=(110)
2321 2
fi=(112)
535 1
fe=(110)
2321 2
+66 1
+1 3
+10 1
-9 1
+9 3
+6 4
+3 3
2724 2
+1 1
+5 2
+3 2
+5 1
-3 1
+3 1
-2 1
+2 3
+1 1
-1 1
-1 1
+4 1
-3 2
+1 1
+2 1
+6 9
2460 3
+19 2
-11 1
+11 1
-11 1
+21 4
cfi=(117) /build/glibc-OTsEL5/glibc-2.27/malloc/morecore.c
cfn=(516) __default_morecore
calls=1 46 
* 61
* 1
+1 1
+3 3
+3 4
+1 2
+46 2
+2 2
+6 1
-6 1
+6 1
-82 1
+10 2
+8 1
-8 1
+8 1
+67 4
+34 2
+6 3
+22 2
+1 5
+2 1
-2 1
+2 1
+1 4
cfi=(117)
cfn=(516)
calls=1 46 
* 25
+12 3
+48 1
+1 1
-2 1
+1 2
+12 1
-12 1
+1 1
+11 1
2544 2
-3 3
+99 2
+1 4

fn=(540) systrim.isra.1.constprop.11
2760 5
+11 3
+2 1
+1 2
-4 1
+8 3
+2 3
+44 1
-49 1
+49 5

fn=(538)
3086 118987
+5 21634
+1 21634
+6 21634
+5 10817
-2 10817
+2 21634
+18 32451
+2 32451
4149 21634
+6 43268
+1 21634
+4 43268
+9 32451
-2 21634
+3 21634
+1 43256
+13 19872
+11 39732
+2 29799
1894 29799
4218 9933
+7 9933
-6 19866
+6 19866
-2 9933
+2 19866
+4 19866
+2 9933
+1 19866
3125 118987
4259 6
+3 3
+1 3
-1 9
+10 3
-4 3
+4 6
+3 6
+5 9
+3 6
+1 6
+1 6
1894 9
4291 6
+7 6
+62 6
+20 6
2929 2643
+3 881
-2 1762
+1 881
+1 1762
4277 9
-2 6
+66 3
+1 9
+1 6
+18 9
+3 9
+2 15
+2 2
cfn=(540)
calls=1 2760 
* 25
* 1

fn=(512)
3521 8118
+32 1353
-32 1353
+32 12174
+4 8118
+24 2706
+2 4035
+3 1345
+2 2690
+2 1252
-6 2504
+6 3756
+1 1252
+5 3756
+1 2504
+7 5008
-1 2504
+1 2504
+5 3756
+1 5008
+2 34416
+1 8604
2929 17208
+1 8604
-2 17208
+2 17208
-2 8604
+4 25812
3609 25812
+1 22288
1887 58
3682 58
1887 1310
3682 1194
1887 2388
4131 12178
3553 2
+86 20
+62 140
+1 12
+20 101
-1 202
+1 101
-1 101
+1 202
-2 500
+6 300
+66 100
-40 200
3879 100
3731 100
+1 100
+20 200
+40 200
-60 200
-12 1
+6 3
+66 1
-40 2
3879 1
3731 1
+1 1
+20 2
+40 2
-60 12
+3 15
+1 10
+3 5
+10 5
-15 5
+15 5
+34 5
-5 5
+1 5
+4 5
+29 10
+8 15
+1 9
+1 3
-1 3
+4 3
-3 3
+3 3
+43 10
+9 5
-9 20
+10 5
-9 5
+1 5
+1 5
+1 5
+6 5
+9 10
3642 291
+2 97
-2 97
+2 194
3814 4
+1 8
+1 4
3703 2
cfn=(1000) malloc_consolidate
calls=1 4403 
* 3855
* 1941
-62 1261
3887 15
+17 202
+2 16
+3 4
-3 4
+3 8
+68 202
+1 202
+1 202
+1 202
+1 202
+5 202
3720 2
3865 12
+28 202
+97 303
+3 388
-3 291
+3 388
-3 194
+3 282
+97 101
+3 101
-2 202
+2 203
+17 3
1887 100
4103 100
1887 200
4125 3
cfn=(514)
calls=1 2274 
* 237
+1 1
-1 1
+1 1
1887 3
4095 100
+3 200
-3 100
+1 100
+2 300
+2 100
-2 200
-1 100
+1 200
+2 200

fn=(1000)
4403 1
+19 1
-19 1
+30 1
-30 2
+29 1
-29 1
+32 1
-15 1
+15 2
+1 2
-1 18
+1 18
+3 222
+1 296
+8 74
-3 74
+3 74
+1 74
+1 222
+2 148
+1 29
+2 29
-1 29
+2 455
+3 148
+1 73
+2 146
+1 39
+1 468
+4 73
+4 73
-3 73
+1 73
+2 73
+1 10
+1 10
+3 10
+1 10
+1 10
-2 20
+3 10
+9 30
-12 63
+1 63
+1 63
-2 126
+3 63
+9 193
+3 40
+1 6
-27 102
+18 1
+1 2
+1 2
-22 6

fl=(166) /build/glibc-OTsEL5/glibc-2.27/libio/filedoalloc.c
fn=(836) _IO_file_doallocate
78 24
+6 12
fi=(178) /build/glibc-OTsEL5/glibc-2.27/libio/libioP.h
870 9
+2 6
+1 6
fe=(166)
84 9
cfi=(164)
cfn=(838) _IO_file_stat
calls=3 1169 
* 42
* 6
+2 12
+11 12
+4 6
cob=(2)
cfi=(18)
cfn=(480)
calls=3 0 
* 4706
* 3
+2 3
-1 6
+2 12
cfi=(165)
cfn=(844) _IO_setb
calls=3 347 
* 54
+1 3
+1 24
-15 1
fi=(198) /build/glibc-OTsEL5/glibc-2.27/libio/../misc/sys/sysmacros.h
-12 6
fe=(166)
+12 1
-2 2
+5 2
-26 1
+1 1
-1 1
+1 1
cfi=(167) /build/glibc-OTsEL5/glibc-2.27/io/../sysdeps/posix/isatty.c
cfn=(840) isatty
calls=1 -45 
* 52
+22 1
-21 1
+21 1

fl=(130) /build/glibc-OTsEL5/glibc-2.27/string/../sysdeps/x86_64/multiarch/memset-vec-unaligned-erms.S
fn=(578) __memset_avx2_unaligned_erms
158 3
+1 1
+1 1
+59 1
+1 1
+2 1
+1 1
+1 1
+1 1
+1 1
+1 1
+1 1
+1 1
+3 1
+1 1

fl=(58)
fn=(234)
32 5
fi=(71) /build/glibc-OTsEL5/glibc-2.27/string/../sysdeps/x86_64/multiarch/strncase.c
-1 1
fe=(58)

fn=(198)
32 5
fi=(59) /build/glibc-OTsEL5/glibc-2.27/string/../sysdeps/x86_64/multiarch/strcasecmp.c
-1 1
fe=(58)

fn=(254)
32 5
fi=(75) /build/glibc-OTsEL5/glibc-2.27/string/../sysdeps/x86_64/multiarch/strcasecmp_l.c
-1 1
fe=(58)

fn=(270)
32 5
fi=(76) /build/glibc-OTsEL5/glibc-2.27/string/../sysdeps/x86_64/multiarch/strncase_l.c
-1 1
fe=(58)

fl=(152) /build/glibc-OTsEL5/glibc-2.27/stdlib/mul.c
fn=(798) __mpn_mul
48 64
+6 8
+12 8
+5 4
+1 8
+70 44
-61 4
cfi=(153)
cfn=(800)
calls=4 -49 
* 104
+2 4
+5 4
-5 8
+1 4
+4 4

fl=(117)
fn=(516)
46 2
+1 2
cfi=(118) /build/glibc-OTsEL5/glibc-2.27/misc/sbrk.c
cfn=(518) sbrk
calls=2 -15 
* 72
+2 6
+3 4

fl=(73)
fn=(244)
32 4
-2 2
+2 4
-2 4
+5 2
-1 8
fi=(199) /build/glibc-OTsEL5/glibc-2.27/wcsmbs/../sysdeps/x86_64/multiarch/wmemset.c
-3 2
fe=(73)

fl=(151)
fn=(794)
507 10
+72 2
-72 14
+53 2
+20 2
-18 2
-55 2
+55 2
+32 8
+1 4
cfi=(101) /build/glibc-OTsEL5/glibc-2.27/string/../sysdeps/x86_64/multiarch/strlen-avx2.S
cfn=(398) __strlen_avx2
calls=2 52 
* 30
* 2
+1 2
-1 2
+1 8
+4 2
+6 2
+4 4
-1 4
+1 2
-1 2
+1 2
+3 4
+5 2
-17 2
+17 2
+13 6
+1 4
+8 6
1769 22
688 6
+19 1
513 1
707 1
-19 3
+19 2
513 1
707 1
513 2
709 2
-1 3
+24 6
-1 2
+2 3
+5 2
+1 4
-1 3
+8 2
+2 4
+43 2
-17 9
+1 4
+12 4
+16 4
+42 8
+9 4
+1 6
-1 3
+7 3
+1 3
+11 4
+6 2
+1 2
-1 2
+1 2
778 2
+22 2
-26 2
894 1
1012 4
+2 2
+8 7
+22 4
764 6
1028 2
+13 6
881 8
+4 1
+1 2
+3 2
+5 3
+5 2
+36 3
+2 14
+30 3
+30 1
+3 2
-2 1
+2 1
+2 3
-35 2
+26 2
+54 4
+33 4
+92 2
+2 8
+2 1
-1 1
+1 2
+3 4
-3 1
-1 1
+1 2
+3 4
+12 4
+3 4
1356 10
+18 4
+3 14
+13 2
-13 2
+3 2
+10 8
+5 12
602 8
1398 18
+3 6
+8 2
+3 4
-3 4
-55 2
+55 4
-56 2
+56 2
+4 4
-60 2
-1 8
+72 4
-1 2
+1 2
cfi=(122) /build/glibc-OTsEL5/glibc-2.27/string/../sysdeps/x86_64/multiarch/memmove-vec-unaligned-erms.S
cfn=(528) __memcpy_avx_unaligned_erms
calls=2 217 
* 24
* 2
+15 5
+1 5
+2 10
-26 18
+3 4
+2 20
+8 12
cfi=(152)
cfn=(798)
calls=2 48 
* 122
+4 2
+1 2
-1 2
+1 2
+1 4
+1 2
-1 4
707 3
513 2
796 7
204 1
1022 3
+14 2
-11 3
+3 3
905 2
1444 10
+4 18
cfn=(802) str_to_mpn.isra.0
calls=2 364 
* 124
+17 6
+2 4
-2 2
+2 6
+17 2
+2 2
-2 2
+2 2
1173 2
+1 3
1471 10
cfi=(154) /build/glibc-OTsEL5/glibc-2.27/stdlib/../sysdeps/x86_64/lshift.S
cfn=(804) __mpn_lshift
calls=2 29 
* 30
+1 10
cfi=(154)
cfn=(804)
calls=2 29 
* 30
+1 4
+20 2
+1 2
+1 10
+4 2
+38 4
-38 4
+38 4
-38 2
+38 9
+6 1
-2 1
+1 1
+1 1
-2 2
+1 1
-1 5
cfn=(806) round_and_return
calls=1 215 
* 93
+2 1
-2 1
+1 1
+1 1
-2 2
+1 1
-1 5
cfn=(806)
calls=1 215 
* 93
* 2
-4 35
204 3
867 12
+3 2
-7 4
+7 4
-7 15
1537 5
cfi=(154)
cfn=(804)
calls=1 29 
* 15
* 6
-92 10
cfi=(122)
cfn=(528)
calls=2 217 
* 24
* 2
* 4
+50 1
+42 2

fn=(806)
215 28
fi=(155) /build/glibc-OTsEL5/glibc-2.27/stdlib/../sysdeps/generic/get-rounding-mode.h
94 2
+1 10
fe=(151)
218 4
+94 4
+43 22
fi=(155)
95 4
+9 4
fe=(151)
318 6
fi=(156) /build/glibc-OTsEL5/glibc-2.27/stdlib/../include/rounding-mode.h
46 8
fe=(151)
349 4
+5 6
cfi=(158) /build/glibc-OTsEL5/glibc-2.27/stdlib/../sysdeps/ieee754/dbl-64/mpn2dbl.c
cfn=(814) __mpn_construct_double
calls=2 39 
* 28
* 2
-3 4
+1 2
fi=(156)
46 4
+6 6
fe=(151)
319 4
fi=(157) /build/glibc-OTsEL5/glibc-2.27/stdlib/../stdlib/gmp.h
447 2
fe=(151)
327 2
fi=(157)
448 2
fe=(151)
327 2
+10 4
fi=(156)
58 10
fe=(151)
312 12

fn=(802)
364 14
+14 2
-1 2
-13 2
+14 10
-4 2
-1 4
+39 16
+3 2
+7 2
+3 2
+1 1
+2 1
-3 1
+3 1
-3 6
+1 3
+2 3
-3 3
+3 3
-47 4
+49 6
+7 6
+2 6
+2 2
+1 2
+15 18

fl=(107) /build/glibc-OTsEL5/glibc-2.27/dirent/../sysdeps/posix/opendir.c
fn=(474) opendir
171 8
-80 2
+99 2
cfi=(108) /build/glibc-OTsEL5/glibc-2.27/io/../sysdeps/unix/sysv/linux/open64.c
cfn=(476) __open_nocancel
calls=1 58 
* 24
-71 1
+71 1
-71 1
+7 4
cfi=(109) /build/glibc-OTsEL5/glibc-2.27/io/../sysdeps/unix/sysv/linux/wordsize-64/fxstat.c
cfn=(478) _fxstat
calls=1 -92 
* 10
* 2
+2 4
+84 6
+4 2
cob=(2)
cfi=(18)
cfn=(480)
calls=1 0 
* 64198
+1 1
-1 1
+1 1
+18 1
+2 1
+2 1
+1 1
+1 1
+1 1
+1 1
-52 10

fl=(124)
fn=(532)
226 16
+48 8
-48 40
+47 8
-47 16
+26 16
+31 32
+9 48
+2 16
+5 16
+5 8
-6 8
+6 8
+4 16
+10 14
+7 16
+49 8
-1 16
+61 8
-61 8
+1 8
+4 8
-4 8
+60 24
+16 8
+10 8
+1 8
-84 8
-1 8
+96 8
-22 16
+17 8
+5 8
+1 24
-41 16
+2 16
+2 24
+28 24
+3 16
+11 16
+5 16
+1 8
+12 16
+11 40
+18 64
328 32
-82 16
+64 2

fn=(786)
226 8
+48 4
-48 20
+47 4
-47 8
+26 8
+31 16
525 32
292 24
+2 8
+5 8
+5 4
-6 4
+6 4
+4 8
+10 6
+7 8
434 4
-56 4
+56 12
+16 4
+10 4
+1 4
-84 4
-1 4
+96 4
-22 8
+17 7
+5 7
+1 21
-41 14
+2 28
+2 21
+28 21
+3 14
+11 8
+5 8
+6 8
328 20
-82 8
492 12
310 2
490 8

fl=(162) /build/glibc-OTsEL5/glibc-2.27/string/../sysdeps/x86_64/multiarch/strchr-avx2.S
fn=(826) __strchrnul_avx2
45 8
+2 8
+1 8
+1 8
+2 8
+1 8
+1 8
+4 2
+1 2
+1 2
+1 2
+1 2
+1 2
+1 2
+11 6
+1 6
+1 6
+1 6
+1 6
+1 6
+1 6
+2 6
+1 6
+1 6
+2 6
+1 6
+2 6
+7 6
+1 6
+87 2
+2 2
+7 2
+1 2

fl=(69)
fn=(226)
42 10
+4 4
-1 8
+12 4
+2 10

fl=(169) /build/glibc-OTsEL5/glibc-2.27/stdio-common/_itoa.c
fn=(850) _itoa_word
168 16
+2 8
+9 92
+9 8

fl=(122)
fn=(854) __mempcpy_avx_unaligned_erms
204 24
+1 24
+1 24
+13 24
+1 24
+1 10
+1 10
+3 10
+1 10
+1 10
+1 10
+2 10
+1 10
+33 14
+1 14
+2 13
+1 13
+1 13
+1 13
+1 13
+1 13
+1 4
+1 4
+1 4
+2 4
+14 1
+1 1
+1 1
+1 1
+1 1
+18 9
+1 9
+1 9
+1 9
+1 9

fn=(528)
217 18
+2 18
+1 18
+1 1
+1 1
+42 17
+1 17
+2 17
+1 17
+1 11
+1 11
+1 2
+1 2
+27 6
+1 6
+1 6
+1 6
+1 6
+3 9
+1 9
+1 9
+1 9
+1 9
+3 2
+1 2
+1 2
+1 2
+1 2
+4 1
+1 1
+5 1
+1 1
+36 1
+1 1
+2 1
+3 1
+1 1
+1 1
+1 1
+1 1
+2 1
+1 1
+3 1
+1 1
+2 1
+2 1
+2 1
+2 1
+3 1
+1 1
+4 3
+1 3
+1 3
+1 3
+1 3
+1 3
+1 3
+1 3
+1 3
+1 3
+1 3
+1 3
+1 3
+2 1
+1 1
+1 1
+1 1
+2 1
+1 1
+1 1

fl=(154)
fn=(804)
29 7
+1 7
+2 7
+1 7
+1 7
+12 7
+1 7
+1 7
+1 7
+1 7
+1 7
+1 7
+6 7
+1 7
+1 7

fl=(170) /build/glibc-OTsEL5/glibc-2.27/stdio-common/printf_fp.c
fn=(856) __printf_fp
1272 2
-1 2
+1 8
cfn=(858) __printf_fp_l
calls=2 213 
* 3386

fn=(858)
213 28
+50 2
-50 4
+41 2
+16 4
-7 2
+10 2
-10 6
+10 2
-10 2
+10 2
fi=(171) /build/glibc-OTsEL5/glibc-2.27/stdio-common/../include/../locale/localeinfo.h
+36 2
fe=(170)
-15 2
fi=(171)
+15 4
fe=(170)
-33 4
+18 2
+8 2
-71 2
-1 2
383 6
+5 4
+40 2
+13 2
-13 12
+1 2
+1 4
+3 8
+1 4
+1 4
-2 2
+1 2
-1 2
+2 2
+7 2
-8 2
+1 2
+7 2
-50 34
cfi=(172) /build/glibc-OTsEL5/glibc-2.27/stdlib/../sysdeps/ieee754/dbl-64/dbl2mpn.c
cfn=(862) __mpn_extract_double
calls=2 37 
* 40
* 12
1265 24
827 4
+10 4
-10 2
+10 8
+2 2
-2 2
+2 2
+10 4
+48 2
-61 2
+61 4
+14 8
+1 2
-1 4
+7 2
fi=(175) /build/glibc-OTsEL5/glibc-2.27/stdio-common/../sysdeps/pthread/allocalim.h
27 4
cfi=(174)
cfn=(866)
calls=2 +1 
* 20
+2 4
fe=(170)
928 14
+4 2
-3 2
+3 8
+12 2
+13 2
-1 6
+2 56
+1 4
170 12
961 12
170 48
+2 40
962 12
+1 12
+2 48
174 8
+1 24
-1 16
+1 8
cfi=(153)
cfn=(800)
calls=8 32 
* 160
* 48
974 6
+1 4
cfn=(870) hack_digit
calls=2 167 
* 106
+2 12
+2 6
+3 4
-4 2
fi=(176) /build/glibc-OTsEL5/glibc-2.27/stdio-common/../sysdeps/generic/get-rounding-mode.h
94 2
+1 10
fe=(170)
1093 6
+7 4
+3 6
+13 6
+46 14
+2 12
+2 2
-2 4
+2 14
170 92
+87 2
1169 4
645 4
1171 8
852 2
-1 2
+1 2
+3 6
fi=(176)
95 4
fi=(177) /build/glibc-OTsEL5/glibc-2.27/stdio-common/../include/rounding-mode.h
-43 4
fe=(170)
661 8
cfi=(154)
cfn=(804)
calls=2 29 
* 30
+1 2
-4 2
+8 2
-18 2
+14 8
+4 2
+48 2
-49 2
+49 2
-48 6
+23 6
+1 4
+3 4
+1 4
+1 2
-2 2
+2 2
-2 4
+2 2
-2 2
+2 4
+7 8
+22 3
+61 24
-2 24
+2 92
671 24
+2 48
+7 4
+1 6
+1 2
-2 6
+6 8
cfi=(152)
cfn=(798)
calls=2 48 
* 146
* 2
+5 6
+42 2
-1 1
+1 1
+5 1
-5 1
+5 2
-6 1
+6 1
+3 3
+34 1
cfi=(173) /build/glibc-OTsEL5/glibc-2.27/stdlib/../sysdeps/x86_64/rshift.S
cfn=(864) __mpn_rshift
calls=1 29 
* 17
+3 5
-74 2
+4 2
-2 1
+2 4
+17 2
+2 1
+1 3
+59 4
+4 10
cfi=(153)
cfn=(800)
calls=2 32 
* 64
+1 2
+3 4
+1 2
-4 2
+3 2
+1 8
+9 2
+1 2
-1 2
+4 6
1173 4
+3 10
+9 2
+7 2
-7 4
+7 4
+5 4
cfi=(101)
cfn=(398)
calls=2 52 
* 30
* 2
+2 2
-2 2
+2 4
+5 2
+2 2
-2 4
+2 2
-2 2
+2 2
+11 12
+7 20
+3 28
+3 28
-6 48
+1 48
+1 8
cfi=(122)
cfn=(854)
calls=2 204 
* 34
* 2
* 2
+2 6
+6 6
+17 198
cfi=(165)
cfn=(876) __overflow
calls=16 217 
* 800
* 32
987 2
-1 2
+1 20
1167 2
852 4
-87 3
1254 6
+7 6
952 2
-2 2
+2 2
-1 2
831 2
952 4
640 4
864 4
-10 2
-1 2
+10 2
+1 2
-12 6
+83 2
1200 4
804 4
cfi=(173)
cfn=(864)
calls=2 29 
* 34
* 2
-62 3
+7 3
+3 5

fn=(870)
167 6
+3 10
+2 12
+2 2
+1 6
-1 2
+1 2
cfi=(153)
cfn=(800)
calls=2 32 
* 40
* 2
+32 12
-37 12

fl=(133) /build/glibc-OTsEL5/glibc-2.27/nptl/forward.c
fn=(664) pthread_attr_setdetachstate
72 7
cob=(4)
cfi=(136)
cfn=(666)
calls=1 -41 
* 5

fn=(648) pthread_attr_init@@GLIBC_2.2.5
66 7
cob=(4)
cfi=(134)
cfn=(650)
calls=1 -24 
* 1052

fl=(120) /build/glibc-OTsEL5/glibc-2.27/dirent/../sysdeps/posix/readdir.c
fn=(522) readdir
39 28
+5 14
-5 28
+5 14
-5 28
+2 28
+3 84
+21 28
+21 13
+3 13
+13 13
+9 13
-6 13
-3 13
+3 13
+6 13
-60 42
+14 8
cfi=(121) /build/glibc-OTsEL5/glibc-2.27/dirent/../sysdeps/unix/sysv/linux/getdents.c
cfn=(524) __getdents
calls=2 +15 
* 651
+1 4
+14 4
-9 1
+5 1
+1 1
+37 56
+4 98

fl=(189) /build/glibc-OTsEL5/glibc-2.27/stdlib/cxa_thread_atexit_impl.c
fn=(1008) __call_tls_dtors
145 3
+1 4
+18 4

fl=(146) /build/glibc-OTsEL5/glibc-2.27/gmon/../sysdeps/x86_64/_mcount.S
fn=(776) mcount
29 81565
+2 81565
+2 81565
+2 81565
+2 81565
+2 81565
+2 81565
+2 81565
+5 81565
+2 81565
+1 81565
cfi=(147) /build/glibc-OTsEL5/glibc-2.27/gmon/mcount.c
cfn=(778) __mcount_internal
calls=81565 +9 
* 652520
+3 81565
+2 81565
+2 81565
+2 81565
+2 81565
+2 81565
+2 81565
+2 81565
+2 81565

fl=(140) /build/glibc-OTsEL5/glibc-2.27/csu/../csu/libc-start.c
fn=(750) (below main)
137 8
+4 1
-4 2
+4 2
+98 1
-98 1
+98 1
+1 4
cfi=(141) /build/glibc-OTsEL5/glibc-2.27/stdlib/cxa_atexit.c
cfn=(752) __cxa_atexit
calls=1 65 
* 65
+22 4
+3 2
+1 5
cob=(8)
cfi=(139)
cfn=(756) __libc_csu_init
calls=1 0 
* 57
+4 4
+15 2
+12 2
cfi=(142)
cfn=(768)
calls=1 30 
* 29
+1 2
+5 2
+1 2
+3 2
+3 6
cob=(8)
cfi=(145) /home/me/HPP/Assignment6/galsim.c
cfn=(774) main
calls=1 -43 
* 8544401
+34 2
cfi=(188) /build/glibc-OTsEL5/glibc-2.27/stdlib/exit.c
cfn=(1004) exit
calls=1 139 
* 4090

fl=(161)
fn=(822)
1244 14
+31 3
+8 4
+4 5
+11 4
+11 1
fi=(200) /build/glibc-OTsEL5/glibc-2.27/stdio-common/printf-parse.h
108 2
fe=(161)
1309 3
fi=(200)
108 1
cfi=(162)
cfn=(826)
calls=1 -63 
* 18
* 1
fe=(161)
1324 1
fi=(200)
108 1
fe=(161)
1324 13
cob=(4)
cfi=(163)
cfn=(828)
calls=1 28 
* 12
+1 7
+3 1
fi=(201) /build/glibc-OTsEL5/glibc-2.27/stdio-common/../libio/libioP.h
870 3
+2 1
-2 1
+2 1
-2 1
+3 2
fe=(161)
1328 6
cfi=(164)
cfn=(830) _IO_file_xsputn@@GLIBC_2.2.5
calls=1 1220 
* 2092
* 2
1696 5
+1 9
cob=(4)
cfi=(163)
cfn=(884)
calls=1 62 
* 9
+3 12
1328 2
+4 3
+4 8
-57 1
+34 1
-8 1
-59 2
1378 105
-3 7
-5 7
-4 7
-1 7
-1 7
-1 7
-1 7
-1 7
-1 7
+15 7
-16 7
-1 7
-1 7
+14 7
-4 7
+8 7
-1 14
1660 7
+2 14
+8 7
fi=(200)
108 28
cfi=(162)
cfn=(826)
calls=7 -63 
* 150
* 7
fe=(161)
1674 7
fi=(200)
108 7
fe=(161)
1674 21
fi=(201)
872 21
+1 14
fe=(161)
1674 49
cfi=(164)
cfn=(830)
calls=7 1220 
* 697
* 49
+2 7
-2 7
+2 15
-33 25
-1 48
cfi=(169)
cfn=(850)
calls=4 168 
* 124
* 250
cfi=(170)
cfn=(856)
calls=2 1272 
* 3398
* 72
fi=(201)
872 12
+1 8
fe=(161)
1642 20
cfi=(164)
cfn=(830)
calls=4 1220 
* 305
* 74
+1 3
fi=(201)
872 3
+1 2
fe=(161)
1643 7
cfi=(164)
cfn=(830)
calls=1 1220 
* 212
* 12
-1 21
+1 9
-1 64
+1 5
cfi=(101)
cfn=(398)
calls=1 52 
* 15
* 1
* 1
-1 44

fl=(103) /build/glibc-OTsEL5/glibc-2.27/posix/../sysdeps/unix/sysv/linux/x86/sysconf.c
fn=(466) sysconf
32 9
+1 3
fi=(104) /build/glibc-OTsEL5/glibc-2.27/posix/../sysdeps/unix/sysv/linux/x86/../sysconf.c
+39 3
fi=(105) /build/glibc-OTsEL5/glibc-2.27/posix/../sysdeps/posix/sysconf.c
-18 6
fe=(103)
-17 10
fi=(104)
+35 2
fi=(105)
628 1
cfi=(106) /build/glibc-OTsEL5/glibc-2.27/misc/../sysdeps/unix/sysv/linux/getsysstats.c
cfn=(472) get_nprocs_conf
calls=1 237 
* 66762
* 2
fe=(103)

fl=(60)
fn=(204)
32 1
-2 1
+2 2
-2 3
fi=(202) /build/glibc-OTsEL5/glibc-2.27/string/../sysdeps/x86_64/multiarch/strrchr.c
-2 1
fe=(60)

fn=(268)
32 1
-2 1
+2 2
-2 3
fi=(203) /build/glibc-OTsEL5/glibc-2.27/string/../sysdeps/x86_64/multiarch/strchrnul.c
+1 1
fe=(60)

fn=(252)
32 1
-2 1
+2 2
-2 3
fi=(204) /build/glibc-OTsEL5/glibc-2.27/string/../sysdeps/x86_64/multiarch/memrchr.c
-1 1
fe=(60)

fn=(250)
32 1
-2 1
+2 2
-2 3
fi=(205) /build/glibc-OTsEL5/glibc-2.27/string/../sysdeps/x86_64/multiarch/strlen.c
-1 1
fe=(60)

fn=(258)
32 1
-2 1
+2 2
-2 3
fi=(206) /build/glibc-OTsEL5/glibc-2.27/string/../sysdeps/x86_64/multiarch/memchr.c
-1 1
fe=(60)

fn=(212)
32 1
-2 1
+2 2
-2 3
fi=(207) /build/glibc-OTsEL5/glibc-2.27/string/../sysdeps/x86_64/multiarch/rawmemchr.c
+1 1
fe=(60)

fn=(230)
32 2
-2 2
+2 4
-2 6
fi=(208) /build/glibc-OTsEL5/glibc-2.27/string/../sysdeps/x86_64/multiarch/strnlen.c
+1 2
fe=(60)

fl=(131)
fn=(588)
35 6

fl=(147)
fn=(778)
60 81565
+12 163130
-12 81565
+12 163130
174 163130

fl=(61)
fn=(206)
43 2
fi=(62) /build/glibc-OTsEL5/glibc-2.27/time/../sysdeps/generic/dl-hash.h
+1 1
+1 1
fe=(61)
-2 4
fi=(62)
+5 3
+14 4
-17 3
+3 9
+14 12
-17 9
+22 1
fe=(61)
-24 6
cfi=(63)
cfn=(210)
calls=1 -18 
* 17
* 5

fl=(65)
fn=(218)
33 5
-1 2
+2 2
+1 3
fi=(66) /build/glibc-OTsEL5/glibc-2.27/string/../sysdeps/x86_64/multiarch/memcmp.c
-6 1
fe=(65)

fl=(100)
fn=(394)
34 160
+1 20
cfi=(101)
cfn=(398)
calls=20 +17 
* 348
* 20
* 20
+4 140
+3 60
+49 180
-24 20
+6 20
+2 20
-3 20
+3 1860
+9 920

fl=(56)
fn=(216)
44 5
+4 2
-1 2
+12 2
+2 5

fn=(240)
44 5
+4 2
-1 2
+12 2
+2 5

fn=(194)
44 10
+4 4
-1 4
+12 4
+2 10

fl=(63)
fn=(210)
25 20
+1 8
+4 8
+18 24
-21 4
+20 4

fl=(168) /build/glibc-OTsEL5/glibc-2.27/termios/../sysdeps/unix/sysv/linux/tcgetattr.c
fn=(842) tcgetattr
34 1
+4 1
-4 4
+4 7
+2 2
+6 1
+17 1
-21 1
+21 2
-21 1
+4 1
+5 2
+12 1
-12 1
+7 1
+5 6
+14 5

fl=(188)
fn=(1006) __run_exit_handlers
40 9
+5 1
-5 1
+5 2
+11 14
+3 2
+2 5
+16 2
+35 6
+2 2
-44 6
+2 1
+1 1
-1 1
+4 4
+1 6
+29 1
-3 1
+5 1
-2 2
+2 2
cob=(1)
cfi=(190)
cfn=(1010)
calls=1 -78 
* 3561
+1 1
+11 1
+1 1
-1 1
+1 1
+5 4
-73 1
+12 1
+1 4
+63 2
+1 11
cfi=(165)
cfn=(1118) _IO_cleanup
calls=1 918 
* 403
* 3
+2 2
cfi=(195) /build/glibc-OTsEL5/glibc-2.27/posix/../sysdeps/unix/sysv/linux/_exit.c
cfn=(1132) _Exit
calls=1 27 
* 5
-86 1
cfi=(189)
cfn=(1008)
calls=1 +99 
* 11
* 1

fn=(1004)
139 1
-1 1
+1 3
cfn=(1006)
calls=1 -99 
* 4085

fl=(101)
fn=(398)
52 38
+1 38
+1 38
+3 38
+1 38
+1 38
+3 23
+1 23
+1 23
+8 23
+19 15
+1 15
+1 15
+1 15
+2 15
+1 15
+1 15
+1 11
+6 11
+1 11
+1 11
+4 11
+1 11
+16 4
+10 4
+1 4
+1 4
+1 4
332 27
+1 27
+1 27
+4 27
+1 27

fl=(167)
fn=(840)
24 1
+3 1
-3 3
+3 1
cfi=(168)
cfn=(842)
calls=1 +7 
* 38
* 2
+1 6

fl=(191)
fn=(1020)
30 10
+3 5
-3 25
+3 5
-3 5
+3 25
+3 15
+4 35
-4 15
+58 25
+4 30
-4 15
+12 10
+1 10
cfi=(192)
cfn=(1022)
calls=5 -79 
* 110
+2 20
+1 40

fl=(195)
fn=(1132)
27 2
+4 1
+2 2

fl=(141)
fn=(752)
65 7
-26 2
+26 1
-26 5
+1 2
cfn=(754) __new_exitfn
calls=1 +44 
* 29
+2 2
+7 2
+3 1
-1 1
+2 1
+1 1
+1 4
+1 1
+11 6

fn=(754)
84 2
-6 2
+1 2
-1 1
+11 5
+2 3
-2 1
+10 2
-10 2
+45 1
+1 1
+4 4
-19 1
+1 2

fl=(77)
fn=(274)
42 2
fi=(62)
+2 1
+1 1
fe=(77)
-3 3
fi=(62)
+1 1
+5 3
+14 4
-17 3
+3 9
+14 12
-17 9
+22 1
fe=(77)
-25 6
cfi=(63)
cfn=(210)
calls=1 -17 
* 17
* 5

fl=(72)
fn=(242)
40 1
-2 1
+2 2
-2 2
+11 1

fl=(93) /build/glibc-OTsEL5/glibc-2.27/string/../sysdeps/x86_64/multiarch/strrchr-avx2.S
fn=(352) __strrchr_avx2
43 1
+1 1
+2 1
+1 1
+3 1
+1 1
+1 1
+33 1
+1 1
+1 1
+1 1
+1 1
+1 1
+1 1
+1 1
+1 1
+1 1
+3 1
+1 1
+2 1
+1 1
+2 1
+13 1
+1 1
+1 1
+1 1
+1 1
+1 1
+1 1
+1 1
+32 1
+1 1
+19 1
+1 1
+1 1
+15 1
+1 1
+1 1
+1 1
+1 1
+2 1
+1 1
+1 1
+1 1
+1 1

fl=(70)
fn=(232)
30 5
fi=(209) /build/glibc-OTsEL5/glibc-2.27/string/../sysdeps/x86_64/multiarch/strcspn.c
-1 1
fe=(70)

fn=(262)
30 5
fi=(210) /build/glibc-OTsEL5/glibc-2.27/string/../sysdeps/x86_64/multiarch/strspn.c
-1 1
fe=(70)

fn=(246)
30 5
fi=(211) /build/glibc-OTsEL5/glibc-2.27/string/../sysdeps/x86_64/multiarch/strpbrk.c
-1 1
fe=(70)

fl=(106)
fn=(472)
237 2
+5 1
-5 2
+8 1
-8 1
+13 1
-13 4
+5 1
cfi=(107)
cfn=(474)
calls=1 -71 
* 64285
+1 1
-1 1
+11 1
-10 2
+5 2
cfi=(120)
cfn=(522)
calls=1 39 
* 676
* 10
cfi=(120)
cfn=(522)
calls=5 39 
* 226
* 12
+2 100
+3 40
cfi=(123)
cfn=(530)
calls=8 106 
* 816
+1 40
+1 8
-7 8
+7 8
-7 8
cfi=(120)
cfn=(522)
calls=8 39 
* 320
* 16
+10 2
cfi=(125)
cfn=(534)
calls=1 34 
* 156
+24 11

fl=(187) /build/glibc-OTsEL5/glibc-2.27/libio/iofwrite.c
fn=(998) fwrite
31 50
+1 10
-1 10
+1 10
-1 10
+4 20
+2 180
+1 51
+1 1
fi=(178)
870 3
+2 2
+1 2
fe=(187)
39 9
fi=(178)
870 27
+2 18
+1 18
fe=(187)
39 40
cfi=(164)
cfn=(830)
calls=10 1220 
* 5137
* 30
fi=(178)
796 20
+1 40
fe=(187)
38 18
fi=(178)
797 50
fe=(187)
45 20
+1 10
+3 90

fl=(57)
fn=(238)
33 4
+3 4
fi=(212) /build/glibc-OTsEL5/glibc-2.27/string/../sysdeps/x86_64/multiarch/strcpy.c
-7 1
fe=(57)

fn=(266)
33 4
+3 4
fi=(213) /build/glibc-OTsEL5/glibc-2.27/string/../sysdeps/x86_64/multiarch/stpcpy.c
-3 1
fe=(57)

fn=(264)
33 4
+3 4
fi=(214) /build/glibc-OTsEL5/glibc-2.27/string/../sysdeps/x86_64/multiarch/stpncpy.c
-5 1
fe=(57)

fn=(202)
33 4
+3 4
fi=(215) /build/glibc-OTsEL5/glibc-2.27/string/../sysdeps/x86_64/multiarch/strcat.c
-7 1
fe=(57)

fn=(196)
33 4
+3 4
fi=(216) /build/glibc-OTsEL5/glibc-2.27/string/../sysdeps/x86_64/multiarch/strncpy.c
-7 1
fe=(57)

fl=(92)
fn=(348)
31 2
-1 3
+1 4
+2 3
cfi=(93)
cfn=(352)
calls=1 +10 
* 45
* 1
+4 5
+1 3
+2 4

fl=(109)
fn=(478)
34 4
-1 4
+1 4
+1 24
+4 4

fl=(64)
fn=(228)
32 2
-2 2
+2 4
-2 6
fi=(217) /build/glibc-OTsEL5/glibc-2.27/wcsmbs/../sysdeps/x86_64/multiarch/wcschr.c
+1 2
fe=(64)

fn=(214)
32 2
-2 2
+2 4
-2 6
fi=(218) /build/glibc-OTsEL5/glibc-2.27/wcsmbs/../sysdeps/x86_64/multiarch/wmemchr.c
+1 2
fe=(64)

fn=(260)
32 1
-2 1
+2 2
-2 3
fi=(219) /build/glibc-OTsEL5/glibc-2.27/wcsmbs/../sysdeps/x86_64/multiarch/wcslen.c
-1 1
fe=(64)

fl=(67)
fn=(222)
38 4
+1 3
+9 1

fl=(74)
fn=(248)
40 2
-2 1
+2 2
-2 2
+11 1

fl=(184) /build/glibc-OTsEL5/glibc-2.27/libio/iofread.c
fn=(934) fread
31 4
+1 2
-1 1
+4 2
+2 8
+1 3
cfi=(165)
cfn=(936) _IO_sgetn
calls=1 427 
* 589
fi=(178)
796 1
fe=(184)
38 1
fi=(178)
796 1
+1 8
fe=(184)
40 2
-3 13
+4 1
-1 1
+1 6

fl=(94)
fn=(354)
31 5
+2 1
+2 1
-4 1
+4 1
-4 1
+2 3
+2 2
+1 1

fl=(68)
fn=(224)
38 4
+3 4
+6 1

fl=(108)
fn=(476)
58 1
+3 1
-3 3
+3 1
-3 1
+3 5
+8 7
+2 5

fn=(924) open
36 2
+3 2
-3 6
+3 2
-3 2
+3 6
+8 18
+2 10
-7 2
+1 1
-1 3
+5 4

fl=(185) /build/glibc-OTsEL5/glibc-2.27/io/../sysdeps/unix/sysv/linux/read.c
fn=(950) read
27 8
+1 1

fl=(186) /build/glibc-OTsEL5/glibc-2.27/libio/iofclose.c
fn=(956) fclose@@GLIBC_2.2.5
34 6
+14 2
-14 2
+14 4
fi=(178)
796 4
+1 6
fe=(186)
57 2
fi=(178)
870 6
+2 4
+1 4
fe=(186)
57 6
cfi=(164)
cfn=(968) _IO_file_finish@@GLIBC_2.2.5
calls=2 169 
* 74
+1 6
+13 4
+3 12
+3 4
cob=(2)
cfi=(18)
cfn=(536)
calls=2 -77 
* 142
+4 10
-32 2
cfi=(165)
cfn=(958) _IO_un_link
calls=2 +4 
* 248
+2 38
+1 4
+1 4
cfi=(164)
cfn=(960) _IO_file_close_it@@GLIBC_2.2.5
calls=2 +76 
* 569
* 8
fi=(178)
797 12
fe=(186)

fl=(144)
fn=(772)
29 1
-1 2
+1 2
+5 3

fl=(173)
fn=(864)
29 3
+1 3
+1 3
+13 3
+1 3
+16 3
+1 3
+1 3
+1 3
+1 3
+1 3
+1 3
+5 3
+1 3
+1 3
+1 3
+1 3

fl=(102) /build/glibc-OTsEL5/glibc-2.27/stdlib/secure-getenv.c
fn=(454) secure_getenv
29 5
cfi=(100)
cfn=(394)
calls=1 +5 
* 192

fl=(113) /build/glibc-OTsEL5/glibc-2.27/elf/dl-addr.c
fn=(488) _dl_addr
126 9
+2 1
-2 1
+5 1
-5 1
+5 2
cob=(4)
cfi=(114)
cfn=(490)
calls=1 -66 
* 35
+2 2
cob=(1)
cfi=(82)
cfn=(307)
calls=1 -62 
* 1514
* 5
+2 3
30 1
+1 1
-1 1
+1 1
+3 2
+5 1
+6 1
-7 1
+2 3
+2 3
+3 1
+5 7
-6 2
+6 4043
+2 1010
+1 2020
-1 1
+1 2
+2 3664
+9 2052
+7 28
-2 28
+2 2353
-2 2297
+2 6003
-10 11625
+2 9300
+1 14806
+36 2
+1 1
+1 3
+3 2
+36 2
cob=(4)
cfi=(116)
cfn=(500)
calls=1 38 
* 28
+3 9
-27 1
+1 1
+20 2

fl=(127) /build/glibc-OTsEL5/glibc-2.27/nptl/pthread_self.c
fn=(562) pthread_self
25 1
+1 1

fl=(132) /build/glibc-OTsEL5/glibc-2.27/posix/../posix/sched_cpucount.c
fn=(590) popcount_cpucount
26 1
-2 1
+2 1
+2 3
+2 1
+3 3
-5 3

fl=(135) /build/glibc-OTsEL5/glibc-2.27/misc/../sysdeps/unix/sysv/linux/getpagesize.c
fn=(656) getpagesize
28 4
+2 1

fl=(112)
fn=(486) ptmalloc_init.part.0
289 2
+5 1
-5 3
+13 2
+6 1
fi=(110)
1816 2
fe=(112)
308 12
fi=(110)
1816 13
+1 1
-1 3
+1 11
-1 390
+1 30
-1 90
+1 331
fe=(112)
313 1
fi=(110)
1825 1
fe=(112)
313 4
fi=(110)
1817 7
+11 1
-11 4
+9 1
fe=(112)
313 1
fi=(110)
1828 1
fe=(112)
313 1
cob=(1)
cfi=(82)
cfn=(307)
calls=1 71 
* 1417
* 5
+1 4
cob=(1)
cfi=(9)
cfn=(26)
calls=1 +59 
* 18
* 1
+1 4
cob=(1)
cfi=(9)
cfn=(26)
calls=1 +58 
* 19
* 1
+1 4
cob=(1)
cfi=(9)
cfn=(26)
calls=1 +57 
* 18
* 1
+1 4
cob=(1)
cfi=(9)
cfn=(26)
calls=1 +56 
* 18
* 1
+1 4
cob=(1)
cfi=(9)
cfn=(26)
calls=1 +55 
* 19
* 1
+1 4
cob=(1)
cfi=(9)
cfn=(26)
calls=1 +54 
* 18
* 1
+1 4
cob=(1)
cfi=(9)
cfn=(26)
calls=1 +53 
* 18
* 1
+2 4
cob=(1)
cfi=(9)
cfn=(26)
calls=1 +51 
* 18
* 1
+1 4
cob=(1)
cfi=(9)
cfn=(26)
calls=1 +50 
* 18
* 1
+1 4
cob=(1)
cfi=(9)
cfn=(26)
calls=1 +49 
* 18
* 1
+71 2
+1 2
+4 2
-1 1
+1 4
-97 5
cfi=(113)
cfn=(488)
calls=1 126 
* 60882
* 2
+1 4

fl=(118)
fn=(518)
32 2
+8 2
-8 6
+8 9
+1 2
cfi=(119) /build/glibc-OTsEL5/glibc-2.27/misc/../sysdeps/unix/sysv/linux/x86_64/brk.c
cfn=(520) brk
calls=1 -10 
* 12
* 3
+3 4
+4 6
+12 5
-4 2
cfi=(119)
cfn=(520)
calls=1 -25 
* 12
* 2
+4 5

fl=(164)
fn=(838)
1169 3
+1 9
cfi=(109)
cfn=(478)
calls=3 34 
* 30

fn=(918)
107 4
+4 2
-4 4
+5 2
-1 2
+3 2
cfi=(165)
cfn=(920) _IO_link_in
calls=2 -27 
* 232
+1 2
+1 8

fn=(880) _IO_file_write@@GLIBC_2.2.5
1196 12
+2 12
+5 2
cfi=(179) /build/glibc-OTsEL5/glibc-2.27/io/../sysdeps/unix/sysv/linux/write.c
cfn=(882) write
calls=2 27 
* 18
+1 4
+5 2
+1 2
-12 4
+5 10
+10 6
+3 18

fn=(922)
214 20
+9 4
+2 10
364 20
234 1
-2 1
+1 1
+15 20
+33 2
-96 2
+1 4
-1 2
+4 2
cfi=(108)
cfn=(924)
calls=2 36 
* 58
* 2
+1 4
+3 2
-1 2
+1 4
+3 4
-3 2
+3 2
+10 4
cfi=(165)
cfn=(920)
calls=2 87 
* 32
+81 6
cfi=(183)
cfn=(926)
calls=2 53 
* 50
+1 2
-1 2
+1 2
-40 22
-19 1
-1 1
-13 2
+73 4

fn=(964) _IO_file_close
1190 4
cfi=(126)
cfn=(542)
calls=2 37 
* 10

fn=(968)
169 8
+1 4
+7 2
-1 4
+1 4
-1 2
cfi=(165)
cfn=(970) _IO_default_finish
calls=2 628 
* 50

fn=(938) _IO_file_xsgetn
1295 10
+7 2
+11 2
+2 2
+1 1
-1 1
+1 2
fi=(178)
870 4
fe=(164)
1332 2
+9 3
+1 4
-29 2
+2 3
+1 2
+8 2
+59 9
-39 2
cfi=(165)
cfn=(942) __underflow
calls=1 288 
* 125
* 2
-39 3
+5 2
cfi=(165)
cfn=(834) _IO_doallocbuf
calls=1 362 
* 310
* 1
+8 3
cfi=(122)
cfn=(528)
calls=1 217 
* 73
* 1
+1 2

fn=(846) _IO_do_write@@GLIBC_2.2.5
433 12
+1 2
-3 32
+11 4
+7 8
fi=(178)
873 4
fe=(164)
457 8
cfn=(880)
calls=2 1196 
* 90
* 2
+1 10
+6 2
-4 2
+4 2
-4 6
+1 4
+3 3
-2 1
-29 4
+1 8
+28 1
-29 4
+1 8
+29 5

fn=(832) _IO_file_overflow@@GLIBC_2.2.5
747 147
+7 49
-8 294
+8 190
+35 96
+3 92
+3 138
+1 138
+1 230
+5 184
-45 4
+12 4
+9 8
+8 2
-4 2
+3 4
-2 4
-3 2
+1 4
+5 2
-1 2
+1 6
+3 1
-2 1
+2 1
+1 3
+1 3
+11 9
-12 3
cfn=(846)
calls=3 433 
* 114
-31 4
cfi=(165)
cfn=(834)
calls=2 362 
* 4791
+1 12

fn=(1130) _IO_file_sync@@GLIBC_2.2.5
807 4
+5 4
+2 1
+1 2
+15 2
+4 4

fn=(830)
1220 92
+7 23
-7 69
+6 115
+7 115
+17 33
+1 9
+3 58
+4 20
+2 60
-1 20
+1 20
-2 20
cfi=(122)
cfn=(854)
calls=20 204 
* 307
* 20
-4 1
+4 1
+2 3
-1 1
+1 1
-2 1
cfi=(122)
cfn=(854)
calls=1 204 
* 18
* 1
* 21
+4 42
+18 40
+10 207
-40 2
+16 2
fi=(178)
870 6
+2 4
+1 4
fe=(164)
1266 1
fi=(178)
870 3
+2 2
+1 2
fe=(164)
1266 9
cfn=(832)
calls=3 747 
* 5026
* 6
+6 6
+1 21
+2 6
+11 9
+1 8
cfi=(165)
cfn=(848) _IO_default_xsputn
calls=2 392 
* 1652
* 6
-52 24
+1 24
+3 36
+2 151
-2 109
+4 1
+11 5

fn=(944) _IO_file_underflow@@GLIBC_2.2.5
478 3
+6 3
-14 5
+17 6
+13 2
+20 2
cfi=(165)
cfn=(946) _IO_switch_to_get_mode
calls=1 164 
* 24
+11 1
-5 1
fi=(178)
872 1
fe=(164)
526 2
fi=(178)
872 1
fe=(164)
527 1
+2 1
fi=(178)
873 1
fe=(164)
528 2
fi=(178)
873 1
fe=(164)
531 4
cfn=(948) _IO_file_read
calls=1 1153 
* 14
+2 2
+16 1
-9 1
+9 2
+2 1
+1 2
-1 1
+1 4

fn=(948)
1153 2
+3 3
cfi=(185)
cfn=(950)
calls=1 27 
* 9

fn=(960)
129 6
+2 6
+4 2
+3 4
-3 2
-1 4
+6 2
+3 2
-3 2
cfi=(165)
cfn=(962) _IO_unsave_markers
calls=2 1019 
* 12
+3 6
fi=(178)
870 6
+2 4
+1 4
fe=(164)
143 4
cfn=(964)
calls=2 1190 
* 14
* 2
+3 6
+8 10
cfi=(165)
cfn=(844)
calls=2 347 
* 288
+1 4
+3 2
-3 2
+1 6
+2 2
cfi=(165)
cfn=(958)
calls=2 53 
* 30
+5 2
-4 2
+1 2
+1 2
+2 2
+1 10
-28 7
cfn=(846)
calls=1 433 
* 108
* 2

fn=(1126) _IO_file_setbuf@@GLIBC_2.2.5
389 2
+1 1
cfi=(165)
cfn=(1128) _IO_default_setbuf
calls=1 +89 
* 68
* 2
+4 2
-1 2
+2 3
+2 1
+1 2

fl=(179)
fn=(882)
27 16
+1 2

fl=(158)
fn=(814)
39 2
-6 8
+6 4
+1 6
+6 2
+1 6

fl=(172)
fn=(862)
37 2
-2 2
+2 4
+1 2
+9 4
+9 2
-18 6
+18 2
-18 2
+9 2
+9 2
+47 4
+4 2
-4 2
+4 2

fl=(111)
fn=(484)
29 5
fi=(112)
291 1
fe=(111)
30 1
fi=(112)
291 1
fe=(111)
30 1
fi=(112)
291 1
fi=(110)
3039 7
+3 1
-2 2
+2 3
+13 4
+2 3
cfn=(512)
calls=1 3521 
* 158
+1 1
-1 1
+1 6
-19 4
-56 5
cfn=(510)
calls=1 +3 
* 496
+62 3
fe=(111)
33 6
cfi=(112)
cfn=(486)
calls=1 289 
* 63472
* 1
fi=(110)
3034 2
fe=(111)

fl=(119)
fn=(520)
31 16
+8 2
-6 4
+7 2

fl=(95)
fn=(356)
488 7
+14 6
758 2
+2 1
+1 1
+2 1
-3 1
+5 1
-5 1
+4 3
+4 2
+3 2
+2 1
+1 1
+2 1
-3 1
+5 1
-5 1
+4 3
+9 1
+2 8
-2 1
+3 8
500 1
+4 1
-4 1
+4 1
cfn=(358) handle_intel.constprop.1
calls=1 259 
* 469
+2 1
-2 1
+2 1
cfn=(358)
calls=1 259 
* 515
+5 1
-5 1
+5 1
cfn=(358)
calls=1 259 
* 542
+8 1
-8 1
+8 1
+11 1
-20 1
+25 3
+4 2
+8 6
+3 2
+9 6
+14 2
+4 1
+3 1
+1 1
-4 1
+3 1
-3 1
+3 1
+6 8
-39 3
+3 9
+6 6
-6 3
+6 2
+3 20
+5 2
+4 1
+1 1
-1 3
691 4
+1 5
+4 2
+59 2
592 2
+8 1
+2 1
-2 6
+2 4
-2 1
+4 1
+23 2
-25 2
+2 6
+2 6
+3 2
+1 8
+2 4
+3 2
+5 1
+2 2
+1 1
-1 1
+2 1
-2 1
+1 2
+27 2
+1 1
+1 2
+2 1
-1 1
+1 1
-24 3
+4 2
+3 1
+2 4
+1 1
+5 2

fn=(360) intel_check_word.isra.0
132 12
+6 6
-10 18
+10 6
-10 6
+10 6
-10 6
+10 12
-10 6
+10 6
+2 6
-2 6
+2 18
250 12
140 24
+2 15
+2 30
+8 30
+51 24
+22 12
fi=(96) /build/glibc-OTsEL5/glibc-2.27/string/../bits/stdlib-bsearch.h
28 12
-1 24
+4 24
+1 12
fe=(95)
+87 24
fi=(96)
-88 138
+1 69
fe=(95)
+87 138
+3 81
fi=(96)
-93 252
+8 15
-8 36
fe=(95)
134 3
255 36
-91 9
+3 9
-6 13
+3 4
+9 4
+5 14
+1 10
+17 5
-32 15
+3 15
+4 14
+2 28
+2 14
+2 8
+4 3
+2 6
+2 3
+2 3
-2 3
+2 6
-2 3
+3 9
-2 12
+2 6
-24 2
+7 2
+2 4

fn=(358)
259 21
+2 3
-2 9
+5 9
+8 3
+1 3
-3 3
+5 12
+6 6
+5 3
-5 9
+5 3
+2 3
+1 3
-1 3
+5 18
cfn=(360)
calls=3 132 
* 1035
+2 6
+3 21
cfn=(360)
calls=3 132 
* 314
+2 6
+19 33

fl=(126)
fn=(542)
37 12
+1 3

fl=(121)
fn=(524)
80 4
+15 2
-15 12
+15 6
+12 2
-12 2
+12 5
+2 1
+2 3
cfi=(101)
cfn=(398)
calls=1 -59 
* 19
* 1
-2 12
+2 36
cfi=(101)
cfn=(398)
calls=12 -59 
* 204
* 12
-2 13
+1 52
cfi=(122)
cfn=(528)
calls=13 217 
* 182
* 13
+2 13
+2 13
-7 26
271 18

fl=(165)
fn=(844)
347 15
+1 24
+3 5
+2 20
-3 5
+3 10
+3 21
-7 2
cob=(2)
cfi=(18)
cfn=(536)
calls=2 0 
* 230
* 10

fn=(916) _IO_old_init
561 2
-2 2
+1 2
-1 2
+2 4
+16 2
-14 2
+1 2
+13 2
+5 2
-17 2
+1 2
+1 2
+1 2
+14 2
-13 2
+1 2
+1 2
+2 2
+1 2
+1 2
+1 2
+6 2
+1 4
+2 2

fn=(936)
427 1
fi=(178)
870 2
fe=(165)
427 1
+2 1
fi=(178)
870 1
+2 2
+1 2
fe=(165)
429 1
+1 2
-1 1
cfi=(164)
cfn=(938)
calls=1 1295 
* 575

fn=(958)
53 24
+1 8
+4 22
cob=(4)
cfi=(163)
cfn=(828)
calls=2 -30 
* 24
+1 20
+2 2
-2 2
+1 2
+1 2
-2 2
+2 2
-2 2
+2 30
+2 2
-2 2
+2 4
+2 4
+9 2
+2 2
-2 2
+2 16
+2 2
-1 2
+1 16
+1 16
cob=(4)
cfi=(163)
cfn=(884)
calls=2 -17 
* 18
+3 28
-6 14
-10 6

fn=(848)
392 4
-3 10
fi=(178)
870 2
fe=(165)
389 2
fi=(178)
870 2
fe=(165)
389 10
fi=(178)
870 4
fe=(165)
415 1
+2 94
fi=(178)
872 60
+1 60
fe=(165)
417 120
cfi=(164)
cfn=(832)
calls=30 747 
* 990
* 60
+2 60
-22 128
+2 3
+3 2
+2 4
cfi=(122)
cfn=(854)
calls=1 204 
* 13
* 1
+1 1
-1 1
+1 2
+17 2
-29 2
+29 14

fn=(914)
590 18
+1 2
cfn=(916)
calls=2 -30 
* 54
+2 2
-1 2
+1 2
+2 2
+1 2
+1 2
+1 2
+1 2
+1 2
+1 2
+1 2
+1 2
+1 2
+1 2
+1 2
+2 2
+6 2
+1 12

fn=(942)
288 4
-1 4
+6 5
+3 2
+2 2
+6 2
+7 1
fi=(178)
870 3
+2 2
+1 2
fe=(165)
311 1
+1 1
-1 1
+1 2
-1 1
cfi=(164)
cfn=(944)
calls=1 478 
* 89
-2 3

fn=(946)
164 4
+1 3
+3 3
+5 1
-1 2
+1 1
+7 1
-4 1
+2 2
+2 1
+1 1
+1 4

fn=(1120) _IO_flush_all_lockp
749 11
+5 11
cob=(4)
cfi=(163)
cfn=(828)
calls=1 28 
* 12
+1 11
+3 1
-8 1
+5 1
+3 1
-3 1
+3 1
fi=(178)
870 2
fe=(165)
762 1
fi=(178)
870 2
fe=(165)
-98 6
-14 3
+16 3
-16 6
+3 3
-1 3
+1 3
+3 22
+14 9
+1 9
cob=(4)
cfi=(163)
cfn=(884)
calls=1 62 
* 9
+4 12

fn=(834)
362 6
-1 9
+3 12
+4 12
-3 3
fi=(178)
870 9
+2 6
+1 6
fe=(165)
365 6
cfi=(166)
cfn=(836)
calls=3 78 
* 5026
* 6

fn=(970)
628 8
+2 2
-2 6
+2 4
+6 6
+3 6
54 4
651 14

fn=(1118)
918 2
+3 1
-3 8
+3 1
cfn=(1120)
calls=1 749 
* 144
-72 1
+72 1
-72 9
cob=(4)
cfi=(163)
cfn=(828)
calls=1 28 
* 12
+1 11
+3 1
-3 1
+3 1
-3 1
+3 1
fi=(178)
+17 2
fe=(165)
-7 1
fi=(178)
+7 2
fe=(165)
+23 3
-40 9
+2 9
+2 6
+6 12
+8 2
+9 1
fi=(178)
-8 2
+1 2
fe=(165)
+7 4
cfi=(164)
cfn=(1126)
calls=1 389 
* 83
+2 3
+4 5
+1 9
+10 9
+1 8
cob=(4)
cfi=(163)
cfn=(884)
calls=1 62 
* 9
+35 12
-62 3
+2 2
+2 1
+1 1
-1 1
+2 3
-14 4

fn=(920)
87 24
+1 12
+4 2
-2 6
+2 18
cob=(4)
cfi=(163)
cfn=(828)
calls=2 -64 
* 24
+1 22
+2 2
-1 2
-1 2
+2 2
-2 2
+2 26
+2 2
-2 2
+5 2
-2 2
-1 2
+3 28
+2 2
-1 2
+1 16
+1 16
cob=(4)
cfi=(163)
cfn=(884)
calls=2 -41 
* 18
+3 28

fn=(962)
1019 4
+19 6
189 2

fn=(876)
217 32
+2 48
+2 16
fi=(178)
870 48
+2 32
+1 32
fe=(165)
221 16
+1 32
-1 16
cfi=(164)
cfn=(832)
calls=16 747 
* 528

fn=(1128)
479 2
fi=(178)
870 1
fe=(165)
479 3
fi=(178)
870 1
fe=(165)
479 3
+1 1
fi=(178)
870 1
+2 2
+1 2
fe=(165)
480 2
cfi=(164)
cfn=(1130)
calls=1 807 
* 17
* 3
+2 2
+7 1
-7 1
+10 2
+2 1
-2 1
+1 3
+2 6
-11 1
348 1
485 1
-1 1
+1 1
348 3
+7 1
-5 1
+1 1
+4 2

ob=(8)
fl=(139)
fn=(1012)
0 8
cob=(2)
cfi=(18)
cfn=(1018)
calls=1 0 
0 81
0 1
cfn=(1026) 0x0000000000000de0
calls=1 0 
0 8
0 3

fn=(762) 0x0000000000000eb0
0 17

fn=(748)
0 11
cob=(3)
cfi=(140)
cfn=(750)
calls=1 137 
0 8548697

fn=(756)
0 15
cob=(2)
cfi=(18)
cfn=(758)
calls=1 0 
0 6
0 8
cfn=(762)
calls=1 0 
0 17
0 11

fn=(1026)
0 8

fl=(145)
fn=(774)
267 9
cob=(3)
cfi=(146)
cfn=(776)
calls=1 29 
* 28
+1 1
-1 1
+1 1
+51 8
fi=(148) /usr/include/stdlib.h
+44 4
cob=(3)
cfi=(123)
cfn=(784)
calls=1 106 
* 117
* 1
* 4
fe=(145)
-90 1
fi=(148)
+90 3
cob=(3)
cfi=(123)
cfn=(784)
calls=1 106 
* 136
* 1
fi=(149) /usr/include/x86_64-linux-gnu/bits/stdlib-float.h
27 2
fi=(148)
363 2
fi=(149)
27 1
cob=(3)
cfi=(150)
cfn=(792)
calls=1 +56 
* 741
* 1
* 4
cob=(3)
cfi=(150)
cfn=(792)
calls=1 +56 
* 722
* 1
fi=(148)
363 3
fi=(149)
27 1
fi=(148)
363 1
cob=(3)
cfi=(123)
cfn=(784)
calls=1 106 
* 98
* 1
* 5
cob=(3)
cfi=(123)
cfn=(784)
calls=1 106 
* 98
* 1
fi=(159) /usr/include/x86_64-linux-gnu/bits/stdio2.h
104 10
fi=(148)
363 1
fi=(159)
104 4
cob=(3)
cfi=(160)
cfn=(820)
calls=1 -78 
* 8405
* 1
fe=(145)
280 1
+2 1
-2 4
+2 1
cob=(6)
cfi=(99)
cfn=(890)
calls=1 0 
* 1914
* 1
+2 3
cfn=(908) read_particle
calls=1 33 
* 4807
+3 1
-3 1
+3 4
cob=(6)
cfi=(99)
cfn=(976)
calls=1 0 
* 6
* 1
* 1
-38 2
cob=(6)
cfi=(99)
cfn=(980)
calls=1 0 
* 3
* 1
* 4
+38 9
-44 1
+18 2
-18 1
cob=(3)
cfi=(110)
cfn=(482)
calls=1 3028 
* 219
* 1
* 199
+18 398
-18 199
cob=(3)
cfi=(110)
cfn=(482)
calls=199 3028 
* 8159
* 199
+18 200
-18 200
+8 400
+1 200
+1 200
+1 200
-5 200
+12 200
-15 200
+1 200
+1 200
-1 200
+13 200
-15 200
+14 200
+1 200
+1 600
+1 1000
cfn=(982) fitParticle
calls=200 107 
* 10400
* 9000
cfn=(982)
calls=1800 107 
* 1353954
-1 6000
-87 600
+5 600
+3 1000
+79 1600
cob=(6)
cfi=(99)
cfn=(990)
calls=200 0 
* 1000
* 200
-39 800
+80 1000
+1 400
-1 200
+1 200
+1 200
-1 200
+1 200
-1 200
+1 200
-1 200
+2 200
-1 200
+2 200
-1 200
+1 200
-1 200
+1 200
-4 200
+1 3600
-1 1800
+1 1800
+1 1800
-1 1800
+1 1800
-1 1800
+1 1800
-1 1800
+2 1800
-1 1800
+2 1800
-1 1800
+1 1800
-1 1800
+1 1800
-4 1800
-15 800
+24 4
cfn=(994) writeToFile
calls=1 75 
* 7093
+1 7
+1 3
cob=(3)
cfi=(110)
cfn=(538)
calls=1 3086 
* 70
* 1
* 27
cob=(3)
cfi=(110)
cfn=(538)
calls=9 3086 
* 681
* 9
+1 10
-2 20
+4 2
cob=(3)
cfi=(110)
cfn=(538)
calls=1 3086 
* 70
* 1
+2 1802
-25 200
+3 800
-3 200
+1 200
+2 200
cfn=(986) calcForce
calls=200 -99 
* 437844
-3 1800
+3 7200
-3 1800
+1 1800
+2 1800
cfn=(986)
calls=1800 -99 
* 5248972
+2 14800
cfn=(992) deleteBoxes.part.1
calls=200 -77 
* 1072548
* 1000
cfn=(984) calcMass.part.0
calls=200 173 
* 288522
* 400

fn=(986)
197 12000
cob=(3)
cfi=(146)
cfn=(776)
calls=2000 29 
* 56000
* 6000
+3 2000
+7 2000
-6 2000
-1 2000
+1 2000
+6 2000
-5 12000
+5 2000
-7 2410
+7 2410
-6 2410
-1 2410
+1 2410
+6 2410
-5 14460
+5 14460
+6 9640
cfn=(987) calcForce'2
calls=2410 -16 
* 1602536
+1 9640
cfn=(987)
calls=2410 -17 
* 3707280
+1 9640
cfn=(987)
calls=2410 -18 
* 163880
+1 4820
-8 8000
+1 4000
+1 2000
-1 2000
+1 2000
-1 4000
+1 4000
+9 10000

fn=(987)
197 422748
cob=(3)
cfi=(146)
cfn=(776)
calls=70458 29 
* 1972824
* 211374
+3 70458
+7 70458
-6 70458
-1 70458
+1 70458
+6 70458
-5 422748
+5 70458
-7 21076
+7 21076
-6 21076
-1 21076
+1 21076
+6 21076
-5 126456
+5 134576
+6 84304
cfn=(987)
calls=21076 -16 
* 2390476
+1 84304
cfn=(987)
calls=21076 -17 
* 1536060
+1 84304
cfn=(987)
calls=21076 -18 
* 8558055
+1 42152
-8 281832
+1 140916
+1 70458
-1 70458
+1 70458
-1 140916
+1 140916
+9 352290

fn=(992)
221 1400
cob=(3)
cfi=(146)
cfn=(776)
calls=200 29 
* 5600
+5 200
-5 200
+1 600
+8 400
cob=(3)
cfi=(110)
cfn=(538)
calls=200 3086 
* 15819
* 200
-3 200
-5 600
+6 200
-6 600
+1 200
cob=(3)
cfi=(110)
cfn=(538)
calls=200 3086 
* 17400
* 200
+6 200
-7 600
+8 400
cob=(3)
cfi=(110)
cfn=(538)
calls=200 3086 
* 17400
* 200
+3 200
-3 200
+3 800
-3 200
cob=(3)
cfi=(110)
cfn=(538)
calls=200 3086 
* 17400
* 200
-4 107
-4 321
+1 107
cob=(3)
cfi=(110)
cfn=(538)
calls=107 3086 
* 7490
* 107
+4 107
-5 321
+1 107
cob=(3)
cfi=(110)
cfn=(538)
calls=107 3086 
* 7949
* 107
+5 107
-6 321
+1 107
cob=(3)
cfi=(110)
cfn=(538)
calls=107 3086 
* 7949
* 107
+6 107
-7 321
+4 41
-4 123
+8 82
cob=(3)
cfi=(110)
cfn=(538)
calls=41 3086 
* 3567
* 41
-3 41
-5 123
+1 41
cob=(3)
cfi=(110)
cfn=(538)
calls=41 3086 
* 3567
* 41
+5 41
-6 123
+1 41
cob=(3)
cfi=(110)
cfn=(538)
calls=41 3086 
* 3567
* 41
+6 41
-7 123
+1 41
cob=(3)
cfi=(110)
cfn=(538)
calls=41 3086 
* 3567
* 41
* 241
cfn=(993) deleteBoxes.part.1'2
calls=200 -2 
* 723676
* 200
+3 41
-4 123
+5 41
-5 123
+1 41
cob=(3)
cfi=(110)
cfn=(538)
calls=41 3086 
* 3567
* 41
+5 41
-6 123
+1 41
cob=(3)
cfi=(110)
cfn=(538)
calls=41 3086 
* 3567
* 41
+6 41
-7 123
+1 41
cob=(3)
cfi=(110)
cfn=(538)
calls=41 3086 
* 3567
* 41
* 148
cfn=(993)
calls=107 -2 
* 132695
* 148
cfn=(993)
calls=41 -2 
* 81142
* 41

fn=(993)
221 11228
cob=(3)
cfi=(146)
cfn=(776)
calls=1604 29 
* 44912
+5 1604
-5 1604
+1 4812
+8 3208
cob=(3)
cfi=(110)
cfn=(538)
calls=1604 3086 
* 136216
* 1604
-3 1604
-5 4812
+1 1533
cob=(3)
cfi=(110)
cfn=(538)
calls=1533 3086 
* 130039
* 1533
+5 1604
-6 4812
+1 828
cob=(3)
cfi=(110)
cfn=(538)
calls=828 3086 
* 71033
* 828
+6 1604
-7 4812
+8 3208
cob=(3)
cfi=(110)
cfn=(538)
calls=1604 3086 
* 139548
* 1604
+3 1604
-3 1604
+3 6416
-3 1604
cob=(3)
cfi=(110)
cfn=(538)
calls=1604 3086 
* 139548
* 1604
-4 139
-4 417
+1 91
cob=(3)
cfi=(110)
cfn=(538)
calls=91 3086 
* 7917
* 91
+4 139
-5 417
+1 139
cob=(3)
cfi=(110)
cfn=(538)
calls=139 3086 
* 12093
* 139
+5 139
-6 417
+1 138
cob=(3)
cfi=(110)
cfn=(538)
calls=138 3086 
* 12006
* 138
+6 139
-7 417
+1 114
cob=(3)
cfi=(110)
cfn=(538)
calls=114 3086 
* 9918
* 114
* 114
+3 511
-4 1533
+8 1022
cob=(3)
cfi=(110)
cfn=(538)
calls=511 3086 
* 43454
* 511
-3 511
-5 1533
+1 511
cob=(3)
cfi=(110)
cfn=(538)
calls=511 3086 
* 44457
* 511
+5 511
-6 1533
+1 293
cob=(3)
cfi=(110)
cfn=(538)
calls=293 3086 
* 25491
* 293
+6 511
-7 1533
+1 399
cob=(3)
cfi=(110)
cfn=(538)
calls=399 3086 
* 34713
* 399
* 1175
cfn=(993)
calls=776 -2 
* 1530788
* 847
cfn=(993)
calls=71 -2 
* 47559
* 119
cfn=(993)
calls=48 -2 
* 52994
* 160
cfn=(993)
calls=112 -2 
* 60232
* 330
cfn=(993)
calls=218 -2 
* 134026
* 218
+3 7
-4 21
+1 2
cob=(3)
cfi=(110)
cfn=(538)
calls=2 3086 
* 174
* 2
+4 7
-5 21
+1 7
cob=(3)
cfi=(110)
cfn=(538)
calls=7 3086 
* 609
* 7
+5 7
-6 21
+1 7
cob=(3)
cfi=(110)
cfn=(538)
calls=7 3086 
* 609
* 7
+6 7
-7 21
+1 7
cob=(3)
cfi=(110)
cfn=(538)
calls=7 3086 
* 609
* 7
* 32
cfn=(993)
calls=25 -2 
* 16736
* 26
cfn=(993)
calls=1 -2 
* 505
* 6
cfn=(993)
calls=5 -2 
* 2943
* 5

fn=(984)
173 1000
cob=(3)
cfi=(146)
cfn=(776)
calls=200 29 
* 5600
* 200
+12 200
-11 600
+5 600
+1 279
+1 186
+1 186
+4 93
-12 279
+12 107
-12 321
+5 600
+8 200
-13 600
+5 303
+1 303
+1 202
+1 202
+6 101
-14 303
+14 99
-14 297
+5 420
+1 198
+1 99
+1 99
-2 99
+1 99
+1 239
cfn=(985) calcMass.part.0'2
calls=41 -9 
* 28353
* 205
+8 123
+1 123
-24 41
+24 164
-41 41
+2 41
-1 41
+9 41
-7 41
+7 41
+7 41
-7 41
-9 41
+9 41
+7 41
-14 41
+7 41
+7 82
-17 41
+17 123
-15 41
+8 41
+7 41
-7 41
+7 41
-7 41
+7 41
-7 41
+10 41
-1 41
+26 164
-13 180
+8 180
+1 180
-24 60
+24 240
-41 60
+2 60
-1 60
+9 60
-7 60
+7 60
+7 60
-7 60
-9 60
+9 60
+7 60
-14 60
+7 60
+7 120
-17 60
+17 180
-15 60
+8 60
+7 60
-7 60
+7 60
-7 60
+7 60
-7 60
+10 60
-1 60
+26 240
-5 297
+1 297
-24 99
+24 396
-41 99
+2 99
-1 99
+9 99
-7 99
+7 99
+7 99
-7 99
-9 99
+9 99
+7 99
-14 99
+7 99
+7 198
-17 99
+17 297
-15 99
+8 99
+7 99
-7 99
+7 99
-7 99
+7 99
-7 99
+10 99
-1 99
+26 503
cfn=(985)
calls=107 -22 
* 45089
* 307
cfn=(985)
calls=200 -22 
* 191167
* 200

fn=(985)
173 12250
cob=(3)
cfi=(146)
cfn=(776)
calls=2450 29 
* 68600
* 2450
+12 2450
-11 7350
+5 1806
+1 963
+1 642
+1 642
+4 321
-12 963
+12 2129
-12 6387
+5 1590
+1 1377
+1 918
+1 918
+5 459
-13 1377
+13 1991
-13 5973
+5 3702
+1 717
+1 478
+1 478
+6 239
-14 717
+14 2211
-14 6633
+5 4329
+1 1376
+1 688
+1 688
-2 688
+1 688
+1 2131
cfn=(985)
calls=755 -9 
* 153838
* 3775
+8 2265
+1 2265
-24 755
+24 3020
-41 755
+2 755
-1 755
+9 755
-7 755
+7 755
+7 755
-7 755
-9 755
+9 755
+7 755
-14 755
+7 755
+7 1510
-17 755
+17 2265
-15 755
+8 755
+7 755
-7 755
+7 755
-7 755
+7 755
-7 755
+10 755
-1 755
+26 3020
-13 3021
+8 3021
+1 3021
-24 1007
+24 4028
-41 1007
+2 1007
-1 1007
+9 1007
-7 1007
+7 1007
+7 1007
-7 1007
-9 1007
+9 1007
+7 1007
-14 1007
+7 1007
+7 2014
-17 1007
+17 3021
-15 1007
+8 1007
+7 1007
-7 1007
+7 1007
-7 1007
+7 1007
-7 1007
+10 1007
-1 1007
+26 4028
-5 2064
+1 2064
-24 688
+24 2752
-41 688
+2 688
-1 688
+9 688
-7 688
+7 688
+7 688
-7 688
-9 688
+9 688
+7 688
-14 688
+7 688
+7 1376
-17 688
+17 2064
-15 688
+8 688
+7 688
-7 688
+7 688
-7 688
+7 688
-7 688
+10 688
-1 688
+26 3033
cfn=(985)
calls=281 -22 
* 90942
* 352
cfn=(985)
calls=71 -22 
* 11143
* 1066
cfn=(985)
calls=995 -22 
* 436161
* 995

fn=(994)
75 7
cob=(3)
cfi=(146)
cfn=(776)
calls=1 -46 
* 28
* 2
+3 3
cob=(3)
cfi=(182)
cfn=(912)
calls=1 +10 
* 422
* 1
+1 1
-1 1
+1 4
+1 6
cob=(3)
cfi=(187)
cfn=(998)
calls=1 -49 
* 4661
* 1
* 54
cob=(3)
cfi=(187)
cfn=(998)
calls=9 -49 
* 1215
* 9
-1 20
+4 1
-1 1
+1 4
-1 1
cob=(3)
cfi=(186)
cfn=(956)
calls=1 -48 
* 650
* 1

fn=(908)
33 9
cob=(3)
cfi=(146)
cfn=(776)
calls=1 -4 
* 28
* 2
+1 1
+1 1
-2 1
+1 1
cob=(3)
cfi=(182)
cfn=(912)
calls=1 +54 
* 590
* 1
+1 1
-1 1
+1 2
cob=(3)
cfi=(110)
cfn=(482)
calls=1 3028 
* 212
* 1
fi=(159)
294 4
fe=(145)
35 1
fi=(159)
294 1
cob=(3)
cfi=(184)
cfn=(934)
calls=1 31 
* 643
* 1
fe=(145)
39 1
fi=(159)
294 1
fe=(145)
39 1
cob=(3)
cfi=(186)
cfn=(956)
calls=1 -5 
* 533
* 1
+2 2
+4 2
cob=(3)
cfi=(110)
cfn=(482)
calls=1 3028 
* 219
* 1
+3 1
-3 2
+3 5
+1 3
cob=(3)
cfi=(110)
cfn=(482)
calls=1 3028 
* 219
* 1
* 27
cob=(3)
cfi=(110)
cfn=(482)
calls=9 3028 
* 1971
* 9
* 10
-1 25
+5 5
+2 2
+2 2
+2 2
+2 2
+2 1
-11 1
+13 1
+1 1
-3 1
-11 1
+1 45
+2 18
+2 18
+2 18
+2 18
+2 9
-11 9
+13 9
+1 9
-3 9
-11 9
+17 2
cob=(3)
cfi=(110)
cfn=(538)
calls=1 3086 
* 70
* 1
+4 9

fn=(982)
107 16000
cob=(3)
cfi=(146)
cfn=(776)
calls=2000 -78 
* 56000
-14 2000
+14 6000
+1 21310
+8 41276
+12 23007
+2 6462
+1 1664
-23 3328
+5 2000
-1 2000
+1 2000
+29 14000
-14 8876
+5 7580
+2 3134
-6 1296
-10 2650
-30 2650
+30 2650
-2 2650
+2 31800
-30 2650
cob=(3)
cfi=(110)
cfn=(482)
calls=2650 3028 
* 112210
* 2650
+31 2650
-31 2650
+31 2650
-27 2650
+2 2650
+4 2650
-3 2650
+24 2650
-23 2650
-6 2650
+4 2650
-4 2650
+1 2650
+4 2650
+1 2650
+22 2650
+1 5300
-31 2650
cob=(3)
cfi=(110)
cfn=(482)
calls=2650 3028 
* 112210
* 2650
+32 2650
-32 2650
+32 2650
-28 2650
+2 2650
+4 2650
-3 2650
+25 2650
-24 2650
-6 2650
+4 2650
-4 2650
+1 2650
+4 2650
+1 2650
+23 2650
+1 2650
-32 2650
cob=(3)
cfi=(110)
cfn=(482)
calls=2650 3028 
* 399386
* 2650
+7 2650
-7 2650
+8 2650
-4 2650
+2 2650
+4 2650
-3 2650
-5 5300
+4 2650
-3 2650
+5 2650
+24 2650
-32 2650
cob=(3)
cfi=(110)
cfn=(482)
calls=2650 3028 
* 112210
* 2650
+6 2650
+4 2650
-3 2650
-5 2650
+6 2650
-6 2650
+4 2650
-3 2650
+1 2650
+3 2650
+29 5300
-28 2650
+25 2650
+1 2650
+1 2650
+1 2650
cfn=(983) fitParticle'2
calls=2650 -18 
* 171905
* 2650

fn=(983)
107 21200
cob=(3)
cfi=(146)
cfn=(776)
calls=2650 -78 
* 74200
-14 2650
+14 7950
+1 9910
+8 10600
+12 7950
+2 2414
+1 345
-23 690
+5 2650
-1 2650
+1 2650
+29 18550
-14 2886
+5 1766
+2 1724
-6 1120

totals: 8826426
